-786.973638 83.700261 323724.707730
-786.747260 83.473938 322849.368864
-786.366680 83.093443 321377.739398
-785.833047 82.559603 319313.025486
-785.143680 81.869215 316642.834159
-784.290385 81.015494 313340.926550
-783.269576 79.994598 309392.441943
-782.082035 78.807212 304800.027778
-780.731410 77.457008 299577.889351
-779.224318 75.950352 293750.646074
-777.568767 74.295365 287349.708599
-775.774053 72.501301 280410.863655
-773.850850 70.578802 272975.279608
-771.810910 68.539631 265088.445981
-769.666902 66.396458 256799.369283
-767.432472 64.162914 248160.763716
-765.122148 61.853532 239228.845371
-762.751270 59.483641 230062.896071
-760.335797 57.069179 220724.559851
-757.892129 54.626552 211277.293550
-755.437093 52.172573 201786.122537
-752.987757 49.724304 192317.032596
-750.561240 47.298844 182936.162332
-748.174532 44.913175 173709.190549
-745.844338 42.583998 164700.709378
-743.586883 40.327509 155973.362456
-741.417643 38.159181 147586.993040
-739.351174 36.093562 139597.867425
-737.400924 34.144068 132057.874575
-735.578980 32.322793 125013.789429
-733.895966 30.640350 118506.659702
-732.360891 29.105735 112571.282867
-730.981017 27.726208 107235.729626
-729.761767 26.507180 102520.937307
-728.706631 25.452140 98440.394389
-727.817153 24.562654 95000.157465
-727.093039 23.838400 92198.985956
-726.532100 23.277219 90028.524484
-726.130449 22.875238 88473.796538
-725.882682 22.627054 87513.902365
-725.782003 22.525869 87122.553208
-725.820282 22.563567 87268.355702
-725.988132 22.730746 87914.949982
-726.275046 23.016970 89021.966551
-726.669957 23.411141 90546.490772
-727.161071 23.901509 92443.068269
-727.736346 24.476064 94665.258582
-728.384009 25.122996 97167.374233
-729.092257 25.830548 99903.949954
-729.849517 26.587134 102830.171746
-730.644492 27.381464 105902.376083
-731.466275 28.202629 109078.367077
-732.304532 29.040345 112318.373659
-733.149791 29.885078 115585.520378
-733.993175 30.727997 118845.649303
-734.826537 31.560891 122067.006320
-735.642188 32.376141 125220.119708
-736.433154 33.166757 128277.958606
-737.193323 33.926634 131216.909560
-737.917399 34.650414 134016.251488
-738.600451 35.333277 136657.338942
-739.238760 35.971411 139125.427764
-739.829371 36.561936 141409.380671
-740.370332 37.102768 143501.139265
-740.859991 37.592496 145395.244755
-741.297877 38.030413 147088.960808
-741.683916 38.416486 148582.162117
-742.018242 38.750881 149875.492599
-742.301538 39.034279 150971.581009
-742.535162 39.268063 151875.780096
-742.720929 39.453972 152594.811975
-742.860799 39.594024 153136.488623
-742.957252 39.690689 153510.356063
-743.013022 39.746632 153726.723285
-743.030950 39.764821 153797.071203
-743.014627 39.748730 153734.836769
-742.967577 39.701866 153553.585618
-742.893088 39.627628 153266.457138
-742.794860 39.529623 152887.403767
-742.676609 39.411633 152431.060208
-742.542080 39.277315 151911.563518
-742.394731 39.130202 151342.577837
-742.238069 38.973727 150737.384794
-742.075541 38.811464 150109.807305
-741.910803 38.646921 149473.408823
-741.746922 38.483173 148840.084630
-741.586563 38.322960 148220.435471
-741.432170 38.168742 147623.970507
-741.286160 38.022849 147059.707472
-741.150668 37.887431 146535.953188
-741.027495 37.764360 146059.956063
-740.918303 37.655283 145638.083214
-740.824895 37.562002 145277.302961
-740.748988 37.486143 144983.904412
-740.691401 37.428565 144761.213054
-740.652597 37.389797 144611.271154
-740.632978 37.370149 144535.280703
-740.632319 37.369513 144532.819061
-740.650541 37.387705 144603.179403
-740.687243 37.424371 144744.992631
-740.741762 37.478851 144955.702874
-740.813303 37.550324 145232.135723
-740.900659 37.637536 145569.444779
-741.001888 37.738735 145960.846768
-741.115635 37.852465 146400.715623
-741.240850 37.977554 146884.517822
-741.375714 38.112303 147405.684619
-741.518176 38.254612 147956.088147
-741.666031 38.402330 148527.413314
-741.817152 38.553269 149111.193971
-741.969197 38.705231 149698.930308
-742.120537 38.856506 150284.013200
-742.269766 39.005645 150860.834681
-742.415339 39.151147 151423.585568
-742.555743 39.291458 151966.262232
-742.689058 39.424560 152481.055956
-742.812899 39.548291 152959.608588
-742.925387 39.660615 153394.040092
-743.024772 39.759951 153778.237910
-743.110071 39.845265 154108.201839
-743.180858 39.916023 154381.871322
-743.236808 39.971953 154598.191850
-743.277351 40.012551 154755.210667
-743.302484 40.037699 154852.474065
-743.312357 40.047539 154890.530301
-743.306710 40.041848 154868.522196
-743.285012 40.020142 154784.568505
-743.247152 39.982371 154638.481959
-743.194066 39.929343 154433.390366
-743.126763 39.862153 154173.519970
-743.046467 39.781915 153863.186732
-742.954357 39.689916 153507.366450
-742.851851 39.587531 153111.375772
-742.740502 39.476278 152681.082757
-742.621802 39.357628 152222.186966
-742.496658 39.232548 151738.417494
-742.366039 39.102020 151233.578791
-742.231457 38.967560 150713.531681
-742.094476 38.830634 150183.947704
-741.956379 38.692652 149650.279258
-741.818913 38.555271 149118.937129
-741.683483 38.419836 148595.119561
-741.550779 38.287169 148082.009094
-741.421381 38.157802 147581.657530
-741.295948 38.032444 147096.814584
-741.175659 37.912229 146631.863208
-741.061653 37.798273 146191.121950
-740.954817 37.691513 145778.209910
-740.856249 37.593056 145397.408123
-740.767336 37.504207 145053.769590
-740.689141 37.426030 144751.409674
-740.622434 37.359382 144493.637781
-740.568115 37.305105 144283.712617
-740.526944 37.263972 144124.623110
-740.499541 37.236572 144018.650187
-740.486194 37.223250 143967.122416
-740.487211 37.224275 143971.089077
-740.502731 37.239819 144031.208376
-740.532963 37.270087 144148.271475
-740.578308 37.315428 144323.637843
-740.638920 37.376092 144558.265423
-740.714995 37.452104 144852.255628
-740.806024 37.543127 145204.302493
-740.911573 37.648584 145612.172681
-741.030772 37.767747 146073.054845
-741.162993 37.899962 146584.418164
-741.307731 38.044632 147143.955311
-741.464110 38.200950 147748.540511
-741.631067 38.367849 148394.051558
-741.807423 38.544158 149075.956166
-741.992195 38.728871 149790.362652
-742.184401 38.921038 150533.602210
-742.383040 39.119586 151301.520587
-742.586648 39.322997 152088.245316
-742.792967 39.529240 152885.923979
-743.000360 39.736525 153687.634523
-743.207340 39.943414 154487.810875
-743.412651 40.148682 155281.718299
-743.615214 40.351146 156064.781241
-743.813709 40.549559 156832.176344
-744.006917 40.742698 157579.173064
-744.193684 40.929426 158301.377929
-744.373278 41.109032 158996.033025
-744.545155 41.280876 159660.669853
-744.708551 41.444223 160292.439586
-744.862750 41.598358 160888.583713
-745.006927 41.742478 161445.990549
-745.140311 41.875831 161961.755497
-745.262400 41.997886 162433.824475
-745.372680 42.108140 162860.247592
-745.470769 42.206230 163239.629578
-745.556727 42.292202 163572.140868
-745.630609 42.366031 163857.686082
-745.692297 42.427727 164096.303630
-745.742070 42.477521 164288.893324
-745.780296 42.515760 164436.789511
-745.807434 42.542858 164541.593412
-745.823695 42.559197 164604.788992
-745.829838 42.565342 164628.554945
-745.826367 42.561820 164614.931159
-745.813089 42.548597 164563.788531
-745.790209 42.525694 164475.208983
-745.758016 42.493524 164350.786460
-745.716959 42.452457 164191.954608
-745.667323 42.402897 164000.270804
-745.609822 42.345420 163777.969395
-745.545091 42.280744 163527.824235
-745.473771 42.209461 163252.123664
-745.396547 42.132259 162953.531876
-745.313913 42.049604 162633.853472
-745.225942 41.961636 162293.619377
-745.132824 41.868577 161933.699098
-745.035197 41.770959 161556.144958
-744.933431 41.669176 161162.484684
-744.827743 41.563491 160753.728977
-744.718443 41.454203 160331.040875
-744.605600 41.341344 159894.539279
-744.489131 41.224874 159444.072688
-744.369099 41.104849 158979.852750
-744.245794 40.981590 158503.128780
-744.119696 40.855548 158015.642189
-743.991414 40.727341 157519.780671
-743.861652 40.597574 157017.881783
-743.730683 40.466645 156511.494806
-743.599012 40.335005 156002.352427
-743.467284 40.203318 155493.033595
-743.335948 40.072055 154985.352251
-743.205586 39.941686 154481.129153
-743.076798 39.812929 153983.138853
-742.950380 39.686583 153494.475102
-742.827275 39.563503 153018.442614
-742.708162 39.444435 152557.924749
-742.593745 39.330048 152115.513720
-742.484703 39.221070 151694.023372
-742.382192 39.118609 151297.739721
-742.287158 39.023539 150930.039935
-742.199705 38.936084 150591.795895
-742.120186 38.856586 150284.321229
-742.049172 38.785657 150009.993544
-741.987556 38.724103 149771.920508
-741.936197 38.672771 149573.388902
-741.895605 38.632195 149416.452025
-741.866119 38.602731 149302.496425
-741.848145 38.584806 149233.168871
-741.842121 38.578824 149210.030555
-741.848355 38.585022 149234.002782
-741.866452 38.603159 149304.152598
-741.896350 38.633071 149419.839564
-741.938096 38.674829 149581.345160
-741.991549 38.728240 149787.923038
-742.056232 38.792857 150037.839664
-742.131340 38.867939 150328.232669
-742.216325 38.952876 150656.741176
-742.310633 39.047158 151021.393314
-742.413718 39.150198 151419.913884
-742.524933 39.261405 151850.027537
-742.643762 39.380198 152309.477268
-742.769477 39.505880 152795.574190
-742.901111 39.637450 153304.443642
-743.037578 39.773860 153832.034424
-743.177880 39.914058 154374.269741
-743.320806 40.056922 154926.821562
-743.465040 40.201008 155484.098505
-743.608751 40.344672 156039.742320
-743.750767 40.486674 156588.959963
-743.890375 40.626292 157128.956152
-744.027038 40.762890 157657.269387
-744.159510 40.895290 158169.351143
-744.286549 41.022309 158660.616888
-744.407414 41.143174 159128.080864
-744.521892 41.257618 159570.715262
-744.629852 41.365580 159988.273691
-744.731271 41.467004 160380.549354
-744.826059 41.561750 160746.995723
-744.913511 41.649228 161085.332709
-744.993384 41.729098 161394.241143
-745.065523 41.801240 161673.262281
-745.129824 41.865505 161921.818644
-745.186021 41.921685 162139.105616
-745.233745 41.969372 162323.540009
-745.272795 42.008480 162474.796285
-745.303508 42.039204 162593.629605
-745.326012 42.061731 162680.756492
-745.340516 42.076224 162736.807822
-745.346982 42.082690 162761.818341
-745.345257 42.080911 162754.936382
-745.334972 42.070617 162715.123190
-745.316085 42.051737 162642.101329
-745.288629 42.024275 162535.888520
-745.252664 41.988289 162396.705596
-745.208164 41.943812 162224.681950
-745.155262 41.890950 162020.230534
-745.094162 41.829865 161783.973822
-745.024946 41.760623 161516.167671
-744.947320 41.683024 161216.040999
-744.861183 41.596836 160882.697812
-744.766321 41.501969 160515.781085
-744.662753 41.398403 160115.223013
-744.550407 41.286013 159680.537365
-744.428840 41.164457 159210.397284
-744.298291 41.033920 158705.522870
-744.159284 40.894935 158167.976689
-744.012174 40.747828 157599.015447
-743.857300 40.592929 156999.918614
-743.695230 40.430933 156373.372690
-743.526989 40.262751 155722.901448
-743.353401 40.089198 155051.653390
-743.175218 39.911111 154362.872391
-742.993779 39.729736 153661.377453
-742.810390 39.546387 152952.243932
-742.626079 39.362199 152239.866214
-742.442528 39.178817 151530.604322
-742.261832 38.998240 150832.194333
-742.085628 38.822117 150151.007647
-741.914911 38.651495 149491.096900
-741.750941 38.487620 148857.284503
-741.595736 38.332520 148257.408779
-741.451206 38.188079 147698.762008
-741.318735 38.055684 147186.699684
-741.199364 37.936324 146725.054095
-741.093826 37.830887 146317.260070
-741.003365 37.740466 145967.540600
-740.928738 37.665844 145678.927485
-740.870239 37.607379 145452.806880
-740.828104 37.565222 145289.757245
-740.802185 37.539251 145189.308690
-740.792022 37.529060 145149.895247
-740.797234 37.534317 145170.225237
-740.817837 37.554836 145249.587088
-740.853083 37.590036 145385.731155
-740.902183 37.639067 145575.362895
-740.964153 37.700948 145814.699574
-741.037848 37.774587 146099.509668
-741.122097 37.858768 146425.093773
-741.215733 37.952359 146787.071929
-741.317796 38.054338 147181.496257
-741.426993 38.163449 147603.499397
-741.541770 38.278099 148046.925954
-741.660320 38.396537 148505.006161
-741.781088 38.517261 148971.927252
-741.902757 38.638834 149442.132086
-742.023856 38.759848 149910.170504
-742.143044 38.878979 150370.930307
-742.259215 38.995025 150819.757801
-742.370819 39.106512 151250.951209
-742.476334 39.211956 151658.773903
-742.574630 39.310228 152038.860259
-742.664815 39.400458 152387.838445
-742.746666 39.482270 152704.257962
-742.819589 39.555058 152985.780000
-742.882317 39.617734 153228.189419
-742.934106 39.669559 153428.632908
-742.975013 39.710521 153587.060128
-743.005192 39.740601 153703.396554
-743.023770 39.759167 153775.206057
-743.030369 39.765787 153800.808279
-743.025241 39.760778 153781.435648
-743.009284 39.744846 153719.817307
-742.982961 39.718558 153618.144725
-742.946754 39.682389 153478.251380
-742.901207 39.636874 153302.217966
-742.846858 39.582598 153092.293981
-742.784495 39.520255 152851.172943
-742.714774 39.450635 152581.906993
-742.638926 39.374869 152288.869712
-742.558624 39.294621 151978.494692
-742.475217 39.211254 151656.059776
-742.389617 39.125751 151325.363374
-742.303094 39.039279 150990.919178
-742.216738 38.953037 150657.361843
-742.131944 38.868242 150329.404876
-742.049443 38.785834 150010.675978
-741.970497 38.706973 149705.669747
-741.896417 38.632952 149419.379776
-741.828057 38.564688 149155.359352
-741.766389 38.503054 148916.979214
-741.712134 38.448816 148707.205020
-741.665874 38.402599 148528.452745
-741.628010 38.364680 148381.793270
-741.598526 38.335268 148268.039715
-741.578152 38.314916 148189.324487
-741.567399 38.304193 148147.848667
-741.566513 38.303283 148144.331912
-741.575313 38.312066 148178.299394
-741.593695 38.330473 148249.492540
-741.621539 38.358301 148357.121267
-741.658522 38.395279 148500.140346
-741.704448 38.441203 148677.760205
-741.759023 38.495699 148888.532785
-741.821394 38.557988 149129.446820
-741.890512 38.627087 149396.696869
-741.965767 38.702386 149687.927461
-742.047094 38.783662 150002.278071
-742.133778 38.870296 150337.346743
-742.224969 38.961429 150689.819294
-742.319910 39.056292 151056.718698
-742.417451 39.153751 151433.659486
-742.516342 39.252561 151815.820060
-742.615627 39.351851 152199.841934
-742.714967 39.451162 152583.942542
-742.814001 39.550196 152966.973990
-742.912347 39.648439 153346.945389
-743.008826 39.744898 153720.018575
-743.102871 39.838903 154083.596724
-743.194056 39.930033 154436.058978
-743.281731 40.017696 154775.108817
-743.365536 40.101450 155099.042072
-743.444894 40.180782 155405.873090
-743.519254 40.255132 155693.433539
-743.588401 40.324264 155960.813585
-743.652021 40.387819 156206.622709
-743.709354 40.445077 156428.076679
-743.759743 40.495433 156622.835275
-743.802743 40.538401 156789.022233
-743.837999 40.573637 156925.302203
-743.865475 40.601139 157031.673250
-743.885498 40.621206 157109.283132
-743.898472 40.634197 157159.527460
-743.904718 40.640465 157183.773023
-743.904700 40.640458 157183.744032
-743.898940 40.634751 157161.672580
-743.888175 40.623993 157120.062251
-743.872857 40.608725 157061.010719
-743.853592 40.589542 156986.817409
-743.831528 40.567568 156901.831819
-743.807875 40.543901 156810.295316
-743.782905 40.518982 156713.917405
-743.757158 40.493271 156614.474773
-743.731341 40.467522 156514.884435
-743.706358 40.442509 156418.145168
-743.682550 40.418741 156326.217041
-743.660509 40.396788 156241.310257
-743.641234 40.377590 156167.058688
-743.625623 40.362045 156106.935642
-743.614396 40.350818 156063.511833
-743.608030 40.344546 156039.254772
-743.607278 40.343739 156036.136329
-743.612009 40.348517 156054.612332
-743.622471 40.358976 156095.067256
-743.638592 40.374986 156156.985786
-743.659641 40.395996 156238.248430
-743.684884 40.421220 156335.805468
-743.713871 40.450179 156447.807737
-743.746512 40.482803 156573.989312
-743.782837 40.519111 156714.415371
-743.822891 40.559154 156869.288643
-743.866498 40.602748 157037.894317
-743.913333 40.649509 157218.752840
-743.962472 40.698599 157408.615979
-744.012940 40.749001 157603.551058
-744.064157 40.800215 157801.630439
-744.115857 40.851862 158001.385235
-744.167504 40.903457 158200.935948
-744.218702 40.954663 158398.985022
-744.269269 41.005187 158594.393273
-744.318636 41.054524 158785.213573
-744.366328 41.102181 158969.533514
-744.411926 41.147766 159145.843312
-744.455193 41.191026 159313.160024
-744.496117 41.231918 159471.314162
-744.534501 41.270272 159619.654943
-744.569848 41.305585 159756.235945
-744.601640 41.337363 159879.139103
-744.629866 41.365600 159988.351143
-744.654852 41.390650 160085.237912
-744.676779 41.412495 160169.726842
-744.695132 41.430890 160240.873121
-744.710100 41.445826 160298.640456
-744.721504 41.457248 160342.816142
-744.729553 41.465324 160374.051373
-744.734451 41.470234 160393.043365
-744.736286 41.472095 160400.240198
-744.735469 41.471291 160397.128666
-744.732303 41.468143 160384.955463
-744.727092 41.462957 160364.896023
-744.720190 41.456076 160338.284556
-744.711758 41.447617 160305.565252
-744.701958 41.437940 160268.137710
-744.691771 41.427770 160228.803331
-744.681622 41.417654 160189.679449
-744.671859 41.407873 160151.851769
-744.662403 41.398420 160115.290850
-744.653100 41.389117 160079.308966
-744.643867 41.379886 160043.607455
-744.634697 41.370757 160008.299058
-744.625572 41.361628 159972.990618
-744.616542 41.352623 159938.160792
-744.608162 41.344256 159905.800630
-744.600809 41.336911 159877.390889
-744.594633 41.330776 159853.664673
-744.589741 41.325861 159834.653719
-744.586031 41.322195 159820.475678
-744.583801 41.319979 159811.905037
-744.583262 41.319394 159809.643101
-744.584147 41.320259 159812.987428
-744.585977 41.322017 159819.786368
-744.588261 41.324310 159828.657233
-744.591414 41.327528 159841.104153
-744.596105 41.332259 159859.401064
-744.602566 41.338689 159884.270973
-744.610648 41.346746 159915.430567
-744.619893 41.355897 159950.826112
-744.629355 41.365334 159987.321700
-744.638402 41.374315 160022.057438
-744.646333 41.382241 160052.714642
-744.652763 41.388627 160077.412871
-744.656682 41.392430 160092.121488
-744.656630 41.392283 160091.552590
-744.651527 41.387191 160071.860217
-744.640901 41.376482 160030.439830
-744.624079 41.359727 159965.636025
-744.601486 41.337142 159878.285072
-744.573407 41.309036 159769.580067
-744.539558 41.275178 159638.631416
-744.499672 41.235292 159484.362985
-744.453562 41.189190 159306.055449
-744.401168 41.136783 159103.363006
-744.342328 41.077875 158875.526528
-744.276572 41.012123 158621.219628
-744.203726 40.939301 158339.568147
-744.124164 40.859776 158031.995244
-744.038570 40.774198 157701.006181
-743.947185 40.682819 157347.583168
-743.850021 40.585652 156971.774771
-743.747097 40.482747 156573.770984
-743.638760 40.374453 156154.926800
-743.525693 40.261417 155717.742386
-743.408443 40.144212 155264.432481
-743.287688 40.023460 154797.400781
-743.163991 39.899818 154319.195637
-743.038160 39.774041 153832.731926
-742.911108 39.647059 153341.609144
-742.783610 39.519617 152848.706364
-742.656469 39.392506 152357.082031
-742.530602 39.266707 151870.534128
-742.407021 39.143184 151392.789777
-742.287059 39.023392 150929.474265
-742.172762 38.909259 150488.044904
-742.066076 38.802632 150075.646822
-741.968223 38.704850 149697.459405
-741.880400 38.617187 149358.407259
-741.804542 38.541454 149065.497890
-741.742167 38.479151 148824.528704
-741.694225 38.431293 148639.429598
-741.661756 38.398854 148513.967019
-741.645544 38.382698 148451.482786
-741.646397 38.383628 148455.079636
-741.665204 38.402443 148527.847640
-741.702254 38.439505 148671.190948
-741.757550 38.494805 148885.074789
-741.831046 38.568318 149169.398226
-741.922730 38.659972 149523.883403
-742.032026 38.769157 149946.177044
-742.157650 38.894679 150431.651916
-742.298300 39.035256 150975.357826
-742.452550 39.189400 151571.537633
-742.618563 39.355268 152213.057486
-742.794290 39.530902 152892.352504
-742.977954 39.714482 153602.379818
-743.167709 39.904003 154335.381697
-743.360932 40.097086 155082.161451
-743.555334 40.291361 155833.555676
-743.748674 40.484578 156580.851175
-743.938971 40.674734 157316.313055
-744.124120 40.859808 158032.118075
-744.302215 41.037785 158720.471468
-744.471502 41.207003 159374.951422
-744.630541 41.365947 159989.695047
-744.777841 41.513147 160559.015081
-744.911916 41.647146 161077.279881
-745.031524 41.766701 161539.677184
-745.135688 41.870833 161942.424487
-745.223620 41.958724 162282.356720
-745.294428 42.029484 162556.034737
-745.347232 42.082272 162760.202072
-745.381679 42.116728 162893.466887
-745.397787 42.132834 162955.758905
-745.395687 42.130803 162947.902749
-745.376104 42.111267 162872.344094
-745.339861 42.075127 162732.565029
-745.288081 42.023401 162532.507097
-745.221939 41.957393 162277.209547
-745.143030 41.878575 161972.369879
-745.052856 41.788488 161623.940563
-744.952935 41.688609 161237.641673
-744.844475 41.580254 160818.563074
-744.728940 41.464761 160371.872631
-744.607632 41.343578 159903.180096
-744.482507 41.218565 159419.671796
-744.355595 41.091776 158929.293512
-744.228724 40.965033 158439.092471
-744.103827 40.840254 157956.490920
-743.982839 40.719347 157488.862491
-743.867237 40.603847 157042.145535
-743.758737 40.495511 156623.137076
-743.659437 40.396295 156239.404223
-743.570708 40.307575 155896.263071
-743.493296 40.230217 155597.069001
-743.428107 40.165044 155345.002457
-743.375523 40.112475 155141.682611
-743.335814 40.072794 154988.208857
-743.309248 40.046201 154885.356650
-743.295626 40.032573 154832.650054
-743.295062 40.032037 154830.576755
-743.307748 40.044692 154879.519084
-743.333378 40.070296 154978.549466
-743.371466 40.108325 155125.632169
-743.421099 40.157878 155317.285093
-743.481215 40.217973 155549.713408
-743.551037 40.287694 155819.371962
-743.629463 40.366120 156122.695099
-743.715825 40.452418 156456.467658
-743.809071 40.545548 156816.665540
-743.907603 40.644021 157197.523361
-744.009888 40.746192 157592.689988
-744.114315 40.850568 157996.380708
-744.219598 40.955786 158403.326997
-744.324465 41.060605 158808.732333
-744.427757 41.163793 159207.831703
-744.528068 41.264077 159595.696519
-744.624444 41.360366 159968.107140
-744.715561 41.451373 160320.092110
-744.799706 41.535371 160644.969353
-744.875300 41.610914 160937.146934
-744.941440 41.677032 161192.866017
-744.997420 41.732992 161409.302299
-745.042750 41.778311 161584.581718
-745.076940 41.812412 161716.473125
-745.099121 41.834532 161802.023169
-745.108554 41.843923 161838.345305
-745.104660 41.839955 161822.998464
-745.087097 41.822402 161755.108681
-745.055991 41.791174 161634.331935
-745.010507 41.745720 161458.530305
-744.950687 41.685907 161227.192520
-744.877228 41.612492 160943.246502
-744.790992 41.526210 160609.539013
-744.692354 41.427625 160228.245903
-744.582359 41.317757 159803.312149
-744.462714 41.198232 159341.030553
-744.335278 41.070911 158848.594195
-744.201683 40.937359 158332.058629
-744.063350 40.799189 157797.663282
-743.922549 40.658514 157253.579386
-743.781206 40.517233 156707.149866
-743.640651 40.376747 156163.797312
-743.502314 40.238523 155629.193891
-743.368140 40.104482 155110.767027
-743.240000 39.976417 154615.456447
-743.119545 39.856115 154150.169089
-743.008606 39.745239 153721.335775
-742.908256 39.644944 153333.427407
-742.819488 39.556221 152990.276965
-742.743221 39.479996 152695.463327
-742.680293 39.417082 152452.133840
-742.631086 39.367859 152261.756636
-742.595649 39.332480 152124.922836
-742.574225 39.311019 152041.918575
-742.566383 39.303146 152011.469137
-742.571502 39.308222 152031.101562
-742.588796 39.325497 152097.914478
-742.617530 39.354130 152208.655773
-742.656414 39.392945 152358.780690
-742.704179 39.440661 152543.328234
-742.759760 39.496149 152757.938148
-742.821824 39.558148 152997.732156
-742.889144 39.625427 153257.944037
-742.960704 39.696909 153534.411348
-743.035162 39.771239 153821.895404
-743.110690 39.846663 154113.610477
-743.185729 39.921615 154403.497847
-743.258968 39.994771 154686.441111
-743.329203 40.065074 154958.351416
-743.396118 40.131905 155216.831204
-743.458750 40.194413 155458.591538
-743.515621 40.251196 155678.208475
-743.565202 40.300715 155869.733672
-743.606266 40.341725 156028.346636
-743.637807 40.373234 156150.210296
-743.659131 40.394549 156232.651652
-743.669831 40.405240 156274.000457
-743.669459 40.404855 156272.511739
-743.657736 40.393173 156227.327401
-743.634946 40.370402 156139.256981
-743.601219 40.336726 156009.011749
-743.556893 40.292445 155837.746323
-743.502528 40.238084 155627.495450
-743.438425 40.174014 155379.694142
-743.365065 40.100735 155096.275277
-743.283404 40.019144 154780.708421
-743.194307 39.930132 154436.438685
-743.098574 39.834447 154066.363404
-742.997019 39.732912 153673.658066
-742.890322 39.626292 153261.288258
-742.779528 39.515558 152833.004580
-742.665755 39.401865 152393.280777
-742.550143 39.286362 151946.553403
-742.434009 39.170329 151497.775889
-742.318629 39.055042 151051.885028
-742.205210 38.941721 150613.595370
-742.094962 38.831554 150187.507146
-741.988929 38.725572 149777.605003
-741.888168 38.624868 149388.115327
-741.793732 38.530501 149023.135988
-741.706393 38.443188 148685.438114
-741.626654 38.363485 148377.173013
-741.555145 38.292022 148100.777160
-741.492475 38.229384 147858.516113
-741.439056 38.175997 147652.030031
-741.395206 38.132138 147482.400045
-741.361061 38.098022 147350.448781
-741.336849 38.073820 147256.845313
-741.322532 38.059515 147201.516748
-741.318122 38.055071 147184.327903
-741.323484 38.060423 147205.028307
-741.338353 38.075264 147262.428109
-741.362184 38.099061 147354.469395
-741.394260 38.130962 147477.852352
-741.433215 38.169902 147628.456438
-741.478422 38.215040 147803.034632
-741.529177 38.265828 147999.467472
-741.585260 38.321886 148216.282068
-741.646209 38.382867 148452.134267
-741.711786 38.448354 148705.415378
-741.780831 38.517330 148972.191756
-741.852184 38.588635 149247.979042
-741.925277 38.661675 149530.472061
-741.999560 38.735923 149817.638015
-742.074292 38.810582 150106.394070
-742.148598 38.884879 150393.751235
-742.222068 38.958353 150677.924126
-742.294715 39.031065 150959.147231
-742.366844 39.103155 151237.968151
-742.438024 39.174337 151513.279283
-742.507989 39.244323 151783.961358
-742.576568 39.312853 152049.011616
-742.643287 39.379590 152307.128163
-742.707962 39.444266 152557.270878
-742.770494 39.506804 152799.148712
-742.830948 39.567278 153033.043839
-742.889607 39.625925 153259.868473
-742.946435 39.682760 153479.686298
-743.001329 39.737655 153692.003563
-743.054294 39.790632 153896.899854
-743.105485 39.841843 154094.968272
-743.154916 39.891196 154285.850915
-743.202124 39.938428 154468.525546
-743.247030 39.983293 154642.051453
-743.289200 40.025418 154804.974455
-743.328306 40.064528 154956.238419
-743.364178 40.100346 155094.771426
-743.396525 40.132714 155219.961390
-743.425495 40.161716 155332.130439
-743.451159 40.187357 155431.300194
-743.473271 40.209444 155516.724521
-743.491590 40.227757 155587.555032
-743.506226 40.242394 155644.167738
-743.517382 40.253587 155687.457474
-743.525712 40.261994 155719.972046
-743.531990 40.268256 155744.192001
-743.535825 40.272103 155759.069764
-743.536968 40.273233 155763.439275
-743.535298 40.271565 155756.988301
-743.530870 40.267124 155739.814652
-743.523734 40.260028 155712.369982
-743.514102 40.250438 155675.276429
-743.502366 40.238752 155630.080358
-743.489100 40.225527 155578.929204
-743.474671 40.211061 155522.979529
-743.458887 40.195315 155462.078872
-743.441892 40.178261 155396.120593
-743.423466 40.159836 155324.857193
-743.403707 40.140142 155248.688689
-743.382861 40.119306 155168.101535
-743.360805 40.097201 155082.606676
-743.337098 40.073452 154990.755409
-743.311200 40.047581 154890.695609
-743.282861 40.019185 154780.869398
-743.251552 39.987898 154659.858568
-743.217122 39.953429 154526.547255
-743.179090 39.915347 154379.258454
-743.136914 39.873141 154216.020104
-743.089694 39.825827 154033.024284
-743.036279 39.772399 153826.382028
-742.976524 39.712636 153595.239144
-742.910383 39.646487 153339.395533
-742.837798 39.573975 153058.942211
-742.759380 39.495632 152755.937798
-742.675888 39.412122 152432.951476
-742.587418 39.323728 152091.071967
-742.494448 39.230732 151731.392629
-742.397170 39.133450 151355.141549
-742.295908 39.032251 150963.737740
-742.191290 38.927626 150559.082334
-742.083624 38.819987 150142.768079
-741.973403 38.709811 149716.645227
-741.861218 38.597659 149282.877210
-741.747742 38.484216 148844.120073
-741.633594 38.370138 148402.902237
-741.519592 38.256160 147962.073106
-741.406523 38.143244 147525.352041
-741.295729 38.032471 147096.919423
-741.188131 37.924993 146681.229584
-741.085098 37.822057 146283.109840
-740.987934 37.724954 145907.548797
-740.897539 37.634584 145558.027850
-740.814553 37.551603 145237.083392
-740.739571 37.476701 144947.387271
-740.673495 37.410655 144691.941731
-740.616866 37.354090 144473.167257
-740.570328 37.307588 144293.312712
-740.534489 37.271783 144154.833604
-740.509777 37.247071 144059.254974
-740.496366 37.233700 144007.540209
-740.494693 37.232038 144001.111425
-740.505018 37.242332 144040.924401
-740.527030 37.264337 144126.032594
-740.560562 37.297877 144255.754186
-740.605551 37.342815 144429.559696
-740.661345 37.398571 144645.207608
-740.727405 37.464617 144900.651975
-740.803282 37.540465 145194.006415
-740.888245 37.625342 145522.279243
-740.981058 37.718070 145880.921712
-741.080429 37.817348 146264.898182
-741.185072 37.921892 146669.237133
-741.293364 38.030024 147087.456820
-741.403337 38.139925 147512.516330
-741.513758 38.250270 147939.292639
-741.623587 38.360055 148363.906909
-741.731765 38.468136 148781.926509
-741.837192 38.573522 149189.523816
-741.939094 38.675362 149583.408483
-742.036545 38.772777 149960.176402
-742.128799 38.865039 150317.014731
-742.215338 38.951506 150651.441786
-742.295168 39.031273 150959.953971
-742.367341 39.103390 151238.876596
-742.430929 39.166878 151484.426946
-742.484839 39.220734 151692.727282
-742.528529 39.264398 151861.604107
-742.561684 39.297514 151989.685060
-742.583850 39.319674 152075.393491
-742.594725 39.330590 152117.613546
-742.594573 39.330456 152117.092382
-742.583666 39.319548 152074.905245
-742.562040 39.297931 151991.296631
-742.529898 39.265801 151867.029400
-742.487505 39.223422 151703.121594
-742.435015 39.170934 151500.116368
-742.372626 39.108565 151258.893563
-742.300768 39.036651 150980.754049
-742.219720 38.955668 150667.537872
-742.130325 38.866307 150321.921458
-742.033291 38.769324 149946.823560
-741.929572 38.665727 149546.142679
-741.820317 38.556514 149123.743774
-741.706162 38.442391 148682.354505
-741.588010 38.324298 148225.611298
-741.467154 38.203542 147758.565264
-741.345077 38.081563 147286.793384
-741.223404 37.959967 146816.497966
-741.103629 37.840285 146353.609503
-740.987079 37.723798 145903.076138
-740.874851 37.611632 145469.256844
-740.767867 37.504664 145055.539975
-740.667031 37.403894 144665.795793
-740.573619 37.310450 144304.382669
-740.488138 37.225023 143973.979160
-740.411289 37.148197 143676.844101
-740.343711 37.080709 143415.820482
-740.286173 37.023133 143193.135643
-740.238630 36.975608 143009.326693
-740.201106 36.938027 142863.976688
-740.173350 36.910279 142756.655926
-740.155409 36.892331 142687.238571
-740.147187 36.884104 142655.419545
-740.148550 36.885441 142660.589295
-740.159078 36.895944 142701.212088
-740.178116 36.914948 142774.712622
-740.205158 36.941952 142879.155939
-740.239628 36.976304 143012.018635
-740.280273 37.016907 143169.058764
-740.326240 37.062847 143346.738158
-740.376951 37.113514 143542.701832
-740.431748 37.168279 143754.512131
-740.490078 37.226600 143980.079061
-740.551547 37.288037 144217.697386
-740.615605 37.352052 144465.285161
-740.681645 37.418035 144720.487390
-740.749020 37.485413 144981.081675
-740.817288 37.553634 145244.936841
-740.886009 37.622298 145510.506612
-740.954446 37.690643 145774.842674
-741.021622 37.757785 146034.525566
-741.087236 37.823445 146288.476475
-741.151331 37.887523 146536.309368
-741.213541 37.949722 146776.874949
-741.273502 38.009642 147008.625087
-741.330958 38.067110 147230.891983
-741.386044 38.122235 147444.099432
-741.438926 38.175083 147648.494856
-741.489475 38.225686 147844.213464
-741.537901 38.274113 148031.510433
-741.584103 38.320288 148210.102480
-741.627897 38.364108 148379.583267
-741.669274 38.405532 148539.794010
-741.708521 38.444761 148691.519569
-741.745910 38.482160 148836.168518
-741.781550 38.517800 148974.011769
-741.815345 38.551604 149104.751831
-741.847589 38.583884 149229.603712
-741.878636 38.614887 149349.511014
-741.908141 38.644335 149463.405230
-741.935736 38.671961 149570.254807
-741.961600 38.697857 149670.413115
-741.986065 38.722306 149764.973975
-742.009274 38.745491 149854.642308
-742.031176 38.767431 149939.499884
-742.051866 38.788070 150019.325343
-742.070858 38.807032 150092.666026
-742.087515 38.823508 150156.388939
-742.100717 38.836705 150207.430685
-742.110336 38.846321 150244.619141
-742.116316 38.852284 150267.685059
-742.118493 38.854447 150276.047890
-742.116842 38.852837 150269.824477
-742.111596 38.847606 150249.590914
-742.102960 38.839035 150216.442765
-742.091318 38.827371 150171.326685
-742.076422 38.812439 150113.575659
-742.058093 38.794120 150042.724061
-742.036577 38.772593 149959.466384
-742.011980 38.748044 149864.519204
-741.984770 38.720832 149759.271838
-741.955399 38.691550 149646.017698
-741.924532 38.660631 149526.435697
-741.892053 38.628163 149400.860276
-741.858142 38.594277 149269.797594
-741.823211 38.559397 149134.896297
-741.787771 38.523891 148997.569793
-741.751863 38.487977 148858.667066
-741.715707 38.451825 148718.843383
-741.679559 38.415705 148579.140094
-741.643935 38.380058 148441.270824
-741.609038 38.345191 148306.417078
-741.575341 38.311532 148176.235264
-741.543510 38.279698 148053.110427
-741.513816 38.250020 147938.328825
-741.486401 38.222599 147832.270963
-741.461276 38.197473 147735.094592
-741.438619 38.174853 147647.605680
-741.418849 38.155051 147571.019347
-741.402043 38.138273 147506.128047
-741.388427 38.124618 147453.312928
-741.377805 38.114015 147412.306180
-741.370188 38.106384 147382.791263
-741.365498 38.101640 147364.442941
-741.363341 38.099460 147356.010202
-741.363099 38.099136 147354.757056
-741.363980 38.100054 147358.307003
-741.366121 38.102197 147366.597957
-741.369556 38.105621 147379.841156
-741.374162 38.110200 147397.549431
-741.379681 38.115687 147418.770610
-741.385989 38.122050 147443.380268
-741.393794 38.129862 147473.597234
-741.403417 38.139466 147510.739839
-741.414688 38.150719 147554.262318
-741.427394 38.163400 147603.308202
-741.441101 38.177042 147656.070965
-741.455191 38.191104 147710.461579
-741.469382 38.205283 147765.299322
-741.483513 38.219412 147819.945712
-741.497500 38.233399 147874.043739
-741.511409 38.247314 147927.860135
-741.525506 38.261437 147982.486418
-741.540215 38.276136 148039.337253
-741.555688 38.291642 148099.308614
-741.572212 38.308175 148163.253058
-741.589962 38.325934 148231.936767
-741.609138 38.345145 148306.237612
-741.630276 38.366308 148388.089498
-741.653915 38.389981 148479.651395
-741.680526 38.416594 148582.578843
-741.710275 38.446332 148697.598598
-741.743336 38.479408 148825.524676
-741.780058 38.516142 148967.596698
-741.820528 38.556614 149124.132405
-741.864884 38.601002 149295.808575
-741.913366 38.649424 149483.087687
-741.965459 38.701542 149684.662597
-742.021079 38.757164 149899.790925
-742.080279 38.816388 150128.849488
-742.143279 38.879410 150372.598906
-742.210159 38.946227 150631.023851
-742.280539 39.016623 150903.292191
-742.354486 39.090645 151189.586476
-742.432548 39.168666 151491.344349
-742.514666 39.250774 151808.911714
