-2.322502 83.700261 323724.707730
-2.323290 83.473938 322849.368864
-2.324862 83.093443 321377.739398
-2.967896 82.559603 319313.025486
-6.318535 81.869215 316642.834159
-9.296764 81.015494 313340.926550
-12.147178 79.994598 309392.441943
-14.468851 78.807212 304800.027778
-15.944106 77.457008 299577.889351
-17.708758 75.950352 293750.646074
-19.199116 74.295365 287349.708599
-20.177720 72.501301 280410.863655
-21.213878 70.578802 272975.279608
-22.229067 68.539631 265088.445981
-22.663241 66.396458 256799.369283
-23.245217 64.162914 248160.763716
-23.415443 61.853532 239228.845371
-23.177487 59.483641 230062.896071
-23.741407 57.069179 220724.559851
-23.659985 54.626552 211277.293550
-23.822308 52.172573 201786.122537
-23.746907 49.724304 192317.032596
-23.999088 47.298844 182936.162332
-24.178140 44.913175 173709.190549
-24.044323 42.583998 164700.709378
-24.001442 40.327509 155973.362456
-24.131386 38.159181 147586.993040
-24.032080 36.093562 139597.867425
-23.946287 34.144068 132057.874575
-24.115887 32.322793 125013.789429
-23.897620 30.640350 118506.659702
-23.775303 29.105735 112571.282867
-23.749178 27.726208 107235.729626
-23.980034 26.507180 102520.937307
-23.984894 25.452140 98440.394389
-23.925326 24.562654 95000.157465
-23.962217 23.838400 92198.985956
-24.255477 23.277219 90028.524484
-24.402250 22.875238 88473.796538
-24.241803 22.627054 87513.902365
-24.417585 22.525869 87122.553208
-24.687312 22.563567 87268.355702
-25.131198 22.730746 87914.949982
-25.264112 23.016970 89021.966551
-25.407774 23.411141 90546.490772
-25.561080 23.901509 92443.068269
-25.804378 24.476064 94665.258582
-26.055544 25.122996 97167.374233
-26.234166 25.830548 99903.949954
-26.339976 26.587134 102830.171746
-26.372038 27.381464 105902.376083
-26.491503 28.202629 109078.367077
-26.214248 29.040345 112318.373659
-26.102798 29.885078 115585.520378
-25.754784 30.727997 118845.649303
-25.811959 31.560891 122067.006320
-26.033741 32.376141 125220.119708
-26.498963 33.166757 128277.958606
-26.481941 33.926634 131216.909560
-26.626524 34.650414 134016.251488
-26.609407 35.333277 136657.338942
-26.752578 35.971411 139125.427764
-26.494667 36.561936 141409.380671
-26.637814 37.102768 143501.139265
-26.135712 37.592496 145395.244755
-26.196862 38.030413 147088.960808
-26.096704 38.416486 148582.162117
-26.236864 38.750881 149875.492599
-26.297198 39.034279 150971.581009
-26.116002 39.268063 151875.780096
-26.176484 39.453972 152594.811975
-25.915635 39.594024 153136.488623
-25.815822 39.690689 153510.356063
-25.795771 39.746632 153726.723285
-25.532315 39.764821 153797.071203
-25.349052 39.748730 153734.836769
-25.487195 39.701866 153553.585618
-25.704517 39.627628 153266.457138
-25.677598 39.529623 152887.403767
-25.891494 39.411633 152431.060208
-26.104107 39.277315 151911.563518
-26.074783 39.130202 151342.577837
-26.285167 38.973727 150737.384794
-25.931235 38.811464 150109.807305
-25.981512 38.646921 149473.408823
-26.274526 38.483173 148840.084630
-26.485515 38.322960 148220.435471
-26.695199 38.168742 147623.970507
-26.904665 38.022849 147059.707472
-27.111665 37.887431 146535.953188
-27.154259 37.764360 146059.956063
-27.034699 37.655283 145638.083214
-26.752191 37.562002 145277.302961
-26.874521 37.486143 144983.904412
-26.838039 37.428565 144761.213054
-26.884689 37.389797 144611.271154
-26.851595 37.370149 144535.280703
-26.335281 37.369513 144532.819061
-26.302054 37.387705 144603.179403
-26.513127 37.424371 144744.992631
-26.163510 37.478851 144955.702874
-26.058947 37.550324 145232.135723
-26.520854 37.637536 145569.444779
-26.096214 37.738735 145960.846768
-25.914632 37.852465 146400.715623
-26.218771 37.977554 146884.517822
-26.283187 38.112303 147405.684619
-26.428862 38.254612 147956.088147
-26.253978 38.402330 148527.413314
-26.401400 38.553269 149111.193971
-26.306132 38.705231 149698.930308
-25.888042 38.856506 150284.013200
-26.033803 39.005645 150860.834681
-26.018663 39.151147 151423.585568
-26.086079 39.291458 151966.262232
-26.634949 39.424560 152481.055956
-27.020975 39.548291 152959.608588
-26.921949 39.660615 153394.040092
-26.819013 39.759951 153778.237910
-26.791838 39.845265 154108.201839
-26.440865 39.916023 154381.871322
-26.733564 39.971953 154598.191850
-26.700596 40.012551 154755.210667
-26.828796 40.037699 154852.474065
-26.877317 40.047539 154890.530301
-27.165354 40.041848 154868.522196
-27.128091 40.020142 154784.568505
-27.167105 39.982371 154638.481959
-26.797788 39.929343 154433.390366
-26.747600 39.862153 154173.519970
-26.616889 39.781915 153863.186732
-26.404930 39.689916 153507.366450
-26.275940 39.587531 153111.375772
-26.067146 39.476278 152681.082757
-26.180871 39.357628 152222.186966
-26.454086 39.232548 151738.417494
-26.326962 39.102020 151233.578791
-26.360562 38.967560 150713.531681
-26.396791 38.830634 150183.947704
-25.951290 38.692652 149650.279258
-25.992506 38.555271 149118.937129
-25.957078 38.419836 148595.119561
-26.167635 38.287169 148082.009094
-26.461132 38.157802 147581.657530
-26.355542 38.032444 147096.814584
-26.335973 37.912229 146631.863208
-26.724324 37.798273 146191.121950
-27.034837 37.691513 145778.209910
-26.704565 37.593056 145397.408123
-26.620511 37.504207 145053.769590
-26.701048 37.426030 144751.409674
-26.461655 37.359382 144493.637781
-26.548588 37.305105 144283.712617
-26.721275 37.263972 144124.623110
-27.140384 37.236572 144018.650187
-27.240462 37.223250 143967.122416
-27.343733 37.224275 143971.089077
-27.689067 37.239819 144031.208376
-27.632621 37.270087 144148.271475
-27.417774 37.315428 144323.637843
-27.204625 37.376092 144558.265423
-27.877667 37.452104 144852.255628
-27.828450 37.543127 145204.302493
-28.103818 37.648584 145612.172681
-27.816659 37.767747 146073.054845
-27.530468 37.899962 146584.418164
-27.970596 38.044632 147143.955311
-27.846266 38.200950 147748.540511
-27.882790 38.367849 148394.051558
-27.515578 38.544158 149075.956166
-27.551361 38.728871 149790.362652
-27.347457 38.921038 150533.602210
-27.544832 39.119586 151301.520587
-27.900290 39.322997 152088.245316
-27.850958 39.529240 152885.923979
-27.962346 39.736525 153687.634523
-28.155982 39.943414 154487.810875
-28.027556 40.148682 155281.718299
-28.222055 40.351146 156064.781241
-28.176320 40.549559 156832.176344
-27.970216 40.742698 157579.173064
-27.604230 40.929426 158301.377929
-26.994290 41.109032 158996.033025
-26.706330 41.280876 159660.669853
-26.581811 41.444223 160292.439586
-26.781344 41.598358 160888.583713
-26.900930 41.742478 161445.990549
-27.182545 41.875831 161961.755497
-27.141852 41.997886 162433.824475
-27.101106 42.108140 162860.247592
-27.141366 42.206230 163239.629578
-27.101439 42.292202 163572.140868
-27.063253 42.366031 163857.686082
-27.105288 42.427727 164096.303630
-27.148907 42.477521 164288.893324
-27.111091 42.515760 164436.789511
-27.234833 42.542858 164541.593412
-26.633292 42.559197 164604.788992
-26.435562 42.565342 164628.554945
-26.803383 42.561820 164614.931159
-26.768169 42.548597 164563.788531
-27.055692 42.525694 164475.208983
-27.182467 42.493524 164350.786460
-27.470509 42.452457 164191.954608
-27.353575 42.402897 164000.270804
-27.396089 42.345420 163777.969395
-27.439224 42.280744 163527.824235
-27.077658 42.209461 163252.123664
-26.874286 42.132259 162953.531876
-27.233856 42.049604 162633.853472
-27.428332 41.961636 162293.619377
-27.298128 41.868577 161933.699098
-27.326057 41.770959 161556.144958
-27.593288 41.669176 161162.484684
-27.615376 41.563491 160753.728977
-27.794839 41.454203 160331.040875
-28.210511 41.341344 159894.539279
-27.978545 41.224874 159444.072688
-27.986265 41.104849 158979.852750
-28.229467 40.981590 158503.128780
-28.226489 40.855548 158015.642189
-28.220392 40.727341 157519.780671
-28.291722 40.597574 157017.881783
-28.200380 40.466645 156511.494806
-27.944555 40.335005 156002.352427
-27.928447 40.203318 155493.033595
-27.586516 40.072055 154985.352251
-27.241349 39.941686 154481.129153
-27.377340 39.812929 153983.138853
-26.867992 39.686583 153494.475102
-27.001471 39.563503 153018.442614
-27.053535 39.444435 152557.924749
-27.185813 39.330048 152115.513720
-26.833832 39.221070 151694.023372
-26.722380 39.118609 151297.739721
-27.013409 39.023539 150930.039935
-26.899421 38.936084 150591.795895
-27.024099 38.856586 150284.321229
-26.745406 38.785657 150009.993544
-26.547372 38.724103 149771.920508
-26.592927 38.672771 149573.388902
-26.397612 38.632195 149416.452025
-26.363852 38.602731 149302.496425
-26.089761 38.584806 149233.168871
-25.736700 38.578824 149210.030555
-25.706238 38.585022 149234.002782
-25.352461 38.603159 149304.152598
-25.078126 38.633071 149419.839564
-25.045291 38.674829 149581.345160
-25.091139 38.728240 149787.923038
-25.299925 38.792857 150037.839664
-24.945172 38.867939 150328.232669
-25.076461 38.952876 150656.741176
-25.048881 39.047158 151021.393314
-25.264218 39.150198 151419.913884
-25.400286 39.261405 151850.027537
-25.378596 39.380198 152309.477268
-25.280309 39.505880 152795.574190
-25.587737 39.637450 153304.443642
-25.896455 39.773860 153832.034424
-25.884788 39.914058 154374.269741
-25.954771 40.056922 154926.821562
-26.345856 40.201008 155484.098505
-26.494092 40.344672 156039.742320
-26.480366 40.486674 156588.959963
-26.224232 40.626292 157128.956152
-26.370492 40.762890 157657.269387
-26.676169 40.895290 158169.351143
-26.658552 41.022309 158660.616888
-26.477466 41.143174 159128.080864
-26.294714 41.257618 159570.715262
-25.951275 41.365580 159988.273691
-25.367455 41.467004 160380.549354
-25.510399 41.561750 160746.995723
-25.574566 41.649228 161085.332709
-25.480432 41.729098 161394.241143
-25.228403 41.801240 161673.262281
-25.300814 41.865505 161921.818644
-25.456931 41.921685 162139.105616
-25.534847 41.969372 162323.540009
-25.532679 42.008480 162474.796285
-25.692904 42.039204 162593.629605
-25.775039 42.061731 162680.756492
-25.698666 42.076224 162736.807822
-25.947107 42.082690 162761.818341
-25.954670 42.080911 162754.936382
-26.123722 42.070617 162715.123190
-26.374467 42.051737 162642.101329
-26.624826 42.024275 162535.888520
-26.713725 41.988289 162396.705596
-26.561473 41.943812 162224.681950
-26.409623 41.890950 162020.230534
-26.337995 41.829865 161783.973822
-26.588922 41.760623 161516.167671
-26.355426 41.683024 161216.040999
-26.443219 41.596836 160882.697812
-26.128881 41.501969 160515.781085
-26.217952 41.398403 160115.223013
-26.547713 41.286013 159680.537365
-26.231919 41.164457 159210.397284
-26.156615 41.033920 158705.522870
-25.921788 40.894935 158167.976689
-25.929331 40.747828 157599.015447
-26.174038 40.592929 156999.918614
-25.770020 40.430933 156373.372690
-25.608350 40.262751 155722.901448
-25.930260 40.089198 155051.653390
-25.526059 39.911111 154362.872391
-25.522666 39.729736 153661.377453
-25.520808 39.546387 152952.243932
-25.276897 39.362199 152239.866214
-24.950673 39.178817 151530.604322
-25.107687 38.998240 150832.194333
-25.344623 38.822117 150151.007647
-25.176878 38.651495 149491.096900
-25.089957 38.487620 148857.284503
-24.840395 38.332520 148257.408779
-24.831562 38.188079 147698.762008
-24.823350 38.055684 147186.699684
-25.137858 37.936324 146725.054095
-25.051018 37.830887 146317.260070
-25.208517 37.740466 145967.540600
-25.288076 37.665844 145678.927485
-25.368848 37.607379 145452.806880
-25.610690 37.565222 145289.757245
-25.853738 37.539251 145189.308690
-26.177348 37.529060 145149.895247
-25.694738 37.534317 145170.225237
-26.017656 37.554836 145249.587088
-26.021298 37.590036 145385.731155
-26.347018 37.639067 145575.362895
-26.594526 37.700948 145814.699574
-26.602673 37.774587 146099.509668
-26.611956 37.858768 146425.093773
-26.219508 37.952359 146787.071929
-26.393971 38.054338 147181.496257
-26.491639 38.163449 147603.499397
-26.671433 38.278099 148046.925954
-26.930029 38.396537 148505.006161
-26.784991 38.517261 148971.927252
-26.959721 38.638834 149442.132086
-26.894316 38.759848 149910.170504
-26.507660 38.878979 150370.930307
-26.762902 38.995025 150819.757801
-27.097380 39.106512 151250.951209
-27.109181 39.211956 151658.773903
-26.717779 39.310228 152038.860259
-26.403189 39.400458 152387.838445
-26.487897 39.482270 152704.257962
-26.652163 39.555058 152985.780000
-26.573569 39.617734 153228.189419
-26.170118 39.669559 153428.632908
-25.845213 39.710521 153587.060128
-25.922970 39.740601 153703.396554
-25.996337 39.759167 153775.206057
-25.746328 39.765787 153800.808279
-25.414418 39.760778 153781.435648
-25.402779 39.744846 153719.817307
-25.632678 39.718558 153618.144725
-25.703530 39.682389 153478.251380
-25.936004 39.636874 153302.217966
-25.767163 39.582598 153092.293981
-25.679105 39.520255 152851.172943
-25.429318 39.450635 152581.906993
-25.340462 39.374869 152288.869712
-25.170443 39.294621 151978.494692
-25.565573 39.211254 151656.059776
-25.317268 39.125751 151325.363374
-25.150722 39.039279 150990.919178
-24.825310 38.953037 150657.361843
-24.986293 38.868242 150329.404876
-24.584991 38.785834 150010.675978
-24.588666 38.706973 149705.669747
-24.435556 38.632952 149419.379776
-24.366901 38.564688 149155.359352
-24.383015 38.503054 148916.979214
-24.645075 38.448816 148707.205020
-24.669782 38.402599 148528.452745
-24.859095 38.364680 148381.793270
-24.485148 38.335268 148268.039715
-24.273984 38.314916 148189.324487
-24.225296 38.304193 148147.848667
-24.420597 38.303283 148144.331912
-24.619292 38.312066 148178.299394
-24.577499 38.330473 148249.492540
-24.698263 38.358301 148357.121267
-24.337460 38.395279 148500.140346
-24.460849 38.441203 148677.760205
-25.067808 38.495699 148888.532785
-25.354145 38.557988 149129.446820
-25.238456 38.627087 149396.696869
-25.041644 38.702386 149687.927461
-25.166253 38.783662 150002.278071
-25.128686 38.870296 150337.346743
-25.252644 38.961429 150689.819294
-25.538624 39.056292 151056.718698
-25.743594 39.153751 151433.659486
-26.109720 39.252561 151815.820060
-25.830720 39.351851 152199.841934
-25.711847 39.451162 152583.942542
-25.351052 39.550196 152966.973990
-25.472599 39.648439 153346.945389
-25.431295 39.744898 153720.018575
-25.307609 39.838903 154083.596724
-25.424493 39.930033 154436.058978
-25.136779 40.017696 154775.108817
-25.330098 40.101450 155099.042072
-25.201446 40.180782 155405.873090
-25.234588 40.255132 155693.433539
-25.187659 40.324264 155960.813585
-25.462645 40.387819 156206.622709
-25.496190 40.445077 156428.076679
-25.852818 40.495433 156622.835275
-25.886831 40.538401 156789.022233
-26.080451 40.573637 156925.302203
-25.870673 40.601139 157031.673250
-25.821584 40.621206 157109.283132
-25.610669 40.634197 157159.527460
-25.481237 40.640465 157183.773023
-25.271286 40.640458 157183.744032
-24.980711 40.634751 157161.672580
-24.931396 40.623993 157120.062251
-24.801327 40.608725 157061.010719
-24.429394 40.589542 156986.817409
-24.458915 40.567568 156901.831819
-25.052824 40.543901 156810.295316
-25.163136 40.518982 156713.917405
-25.272542 40.493271 156614.474773
-24.978013 40.467522 156514.884435
-25.084932 40.442509 156418.145168
-25.109081 40.418741 156326.217041
-24.970003 40.396788 156241.310257
-24.669131 40.377590 156167.058688
-24.769965 40.362045 156106.935642
-24.871082 40.350818 156063.511833
-24.407309 40.344546 156039.254772
-24.667780 40.343739 156036.136329
-24.443706 40.348517 156054.612332
-24.461086 40.358976 156095.067256
-24.638102 40.374986 156156.985786
-24.734119 40.395996 156238.248430
-24.747509 40.421220 156335.805468
-24.679152 40.450179 156447.807737
-24.529973 40.482803 156573.989312
-24.137835 40.519111 156714.415371
-23.906006 40.559154 156869.288643
-23.673647 40.602748 157037.894317
-23.764802 40.649509 157218.752840
-23.776019 40.698599 157408.615979
-23.707265 40.749001 157603.551058
-23.558236 40.800215 157801.630439
-23.893160 40.851862 158001.385235
-23.907266 40.903457 158200.935948
-23.842192 40.954663 158398.985022
-23.939911 41.005187 158594.393273
-24.039524 41.054524 158785.213573
-24.381317 41.102181 158969.533514
-24.400607 41.147766 159145.843312
-24.180276 41.191026 159313.160024
-24.284104 41.231918 159471.314162
-24.067268 41.270272 159619.654943
-24.253222 41.305585 159756.235945
-24.438234 41.337363 159879.139103
-24.380600 41.365600 159988.351143
-23.839165 41.390650 160085.237912
-24.183865 41.412495 160169.726842
-23.883078 41.430890 160240.873121
-24.064551 41.445826 160298.640456
-24.004099 41.457248 160342.816142
-23.943658 41.465324 160374.051373
-24.203095 41.470234 160393.043365
-24.377885 41.472095 160400.240198
-24.148205 41.471291 160397.128666
-24.399743 41.468143 160384.955463
-24.486023 41.462957 160364.896023
-24.410186 41.456076 160338.284556
-24.572808 41.447617 160305.565252
-24.169851 41.437940 160268.137710
-24.248596 41.427770 160228.803331
-24.006161 41.417654 160189.679449
-23.845080 41.407873 160151.851769
-24.007209 41.398420 160115.290850
-24.168834 41.389117 160079.308966
-24.089399 41.379886 160043.607455
-24.251317 41.370757 160008.299058
-24.010220 41.361628 159972.990618
-23.607976 41.352623 159938.160792
-23.528503 41.344256 159905.800630
-23.529557 41.336911 159877.390889
-23.206294 41.330776 159853.664673
-23.688454 41.325861 159834.653719
-23.365780 41.322195 159820.475678
-23.285638 41.319979 159811.905037
-23.607163 41.319394 159809.643101
-23.687599 41.320259 159812.987428
-24.169888 41.322017 159819.786368
-23.922927 41.324310 159828.657233
-23.835009 41.327528 159841.104153
-23.666709 41.332259 159859.401064
-23.660799 41.338689 159884.270973
-23.333471 41.346746 159915.430567
-23.971911 41.355897 159950.826112
-23.965730 41.365334 159987.321700
-24.202357 41.374315 160022.057438
-24.197877 41.382241 160052.714642
-24.274674 41.388627 160077.412871
-24.428775 41.392430 160092.121488
-24.660303 41.392283 160091.552590
-24.405605 41.387191 160071.860217
-24.712281 41.376482 160030.439830
-24.453231 41.359727 159965.636025
-24.272800 41.337142 159878.285072
-24.334421 41.309036 159769.580067
-24.315597 41.275178 159638.631416
-24.216365 41.235292 159484.362985
-24.037449 41.189190 159306.055449
-24.101223 41.136783 159103.363006
-24.408295 41.077875 158875.526528
-24.635285 41.012123 158621.219628
-24.620950 40.939301 158339.568147
-24.445978 40.859776 158031.995244
-24.674947 40.774198 157701.006181
-24.744624 40.682819 157347.583168
-25.057576 40.585652 156971.774771
-25.127784 40.482747 156573.770984
-24.954059 40.374453 156154.926800
-24.782841 40.261417 155717.742386
-24.613444 40.144212 155264.432481
-24.767876 40.023460 154797.400781
-24.602246 39.899818 154319.195637
-24.519017 39.774041 153832.731926
-24.919907 39.647059 153341.609144
-24.918755 39.519617 152848.706364
-24.997995 39.392506 152357.082031
-24.836588 39.266707 151870.534128
-24.915929 39.143184 151392.789777
-24.830307 39.023392 150929.474265
-24.662977 38.909259 150488.044904
-24.656949 38.802632 150075.646822
-24.570075 38.704850 149697.459405
-24.483115 38.617187 149358.407259
-24.314412 38.541454 149065.497890
-24.628387 38.479151 148824.528704
-24.620112 38.431293 148639.429598
-24.614113 38.398854 148513.967019
-24.769000 38.382698 148451.482786
-24.523053 38.383628 148455.079636
-24.680182 38.402443 148527.847640
-24.354858 38.439505 148671.190948
-24.029557 38.494805 148885.074789
-23.703983 38.568318 149169.398226
-23.619512 38.659972 149523.883403
-24.180518 38.769157 149946.177044
-24.098331 38.894679 150431.651916
-23.935971 39.035256 150975.357826
-24.016207 39.189400 151571.537633
-24.339365 39.355268 152213.057486
-24.099610 39.530902 152892.352504
-24.262697 39.714482 153602.379818
-24.182550 39.904003 154335.381697
-24.182844 40.097086 155082.161451
-24.345199 40.291361 155833.555676
-24.184669 40.484578 156580.851175
-24.344425 40.674734 157316.313055
-24.261067 40.859808 158032.118075
-24.499495 41.037785 158720.471468
-24.255450 41.207003 159374.951422
-24.093451 41.365947 159989.695047
-23.610437 41.513147 160559.015081
-23.448367 41.647146 161077.279881
-23.527468 41.766701 161539.677184
-23.848875 41.870833 161942.424487
-23.930140 41.958724 162282.356720
-23.691070 42.029484 162556.034737
-23.855027 42.082272 162760.202072
-23.618075 42.116728 162893.466887
-23.704323 42.132834 162955.758905
-23.629549 42.130803 162947.902749
-23.555073 42.111267 162872.344094
-22.997794 42.075127 162732.565029
-23.004981 42.023401 162532.507097
-22.852342 41.957393 162277.209547
-22.781463 41.878575 161972.369879
-22.871922 41.788488 161623.940563
-22.883480 41.688609 161237.641673
-22.896430 41.580254 160818.563074
-22.668056 41.464761 160371.872631
-22.520468 41.343578 159903.180096
-22.534408 41.218565 159419.671796
-22.550632 41.091776 158929.293512
-22.083922 40.965033 158439.092471
-21.859092 40.840254 157956.490920
-21.959081 40.719347 157488.862491
-21.980455 40.603847 157042.145535
-21.840032 40.495511 156623.137076
-21.617958 40.396295 156239.404223
-21.877879 40.307575 155896.263071
-21.814885 40.230217 155597.069001
-21.592234 40.165044 155345.002457
-21.529085 40.112475 155141.682611
-21.385928 40.072794 154988.208857
-21.563533 40.046201 154885.356650
-21.579182 40.032573 154832.650054
-21.834992 40.032037 154830.576755
-22.009255 40.044692 154879.519084
-21.943301 40.070296 154978.549466
-22.200829 40.108325 155125.632169
-22.217309 40.157878 155317.285093
-22.233587 40.217973 155549.713408
-22.730879 40.287694 155819.371962
-22.421825 40.366120 156122.695099
-22.113293 40.452418 156456.467658
-22.771279 40.545548 156816.665540
-22.704036 40.644021 157197.523361
-22.797833 40.746192 157592.689988
-22.409628 40.850568 157996.380708
-22.343681 40.955786 158403.326997
-22.117052 41.060605 158808.732333
-22.132532 41.163793 159207.831703
-21.987422 41.264077 159595.696519
-22.245645 41.360366 159968.107140
-22.504151 41.451373 160320.092110
-22.763339 41.535371 160644.969353
-22.860722 41.610914 160937.146934
-22.957816 41.677032 161192.866017
-22.733503 41.732992 161409.302299
-22.671885 41.778311 161584.581718
-22.691005 41.812412 161716.473125
-22.629691 41.834532 161802.023169
-22.891160 41.843923 161838.345305
-23.392330 41.839955 161822.998464
-23.408879 41.822402 161755.108681
-23.747163 41.791174 161634.331935
-23.678103 41.745720 161458.530305
-24.008296 41.685907 161227.192520
-24.010364 41.612492 160943.246502
-24.252455 41.526210 160609.539013
-24.652684 41.427625 160228.245903
-24.487278 41.317757 159803.312149
-24.402799 41.198232 159341.030553
-24.478382 41.070911 158848.594195
-24.792758 40.937359 158332.058629
-24.458548 40.799189 157797.663282
-24.204456 40.658514 157253.579386
-24.271495 40.517233 156707.149866
-23.851859 40.376747 156163.797312
-23.835206 40.238523 155629.193891
-23.413961 40.104482 155110.767027
-23.474825 39.976417 154615.456447
-23.453441 39.856115 154150.169089
-23.510517 39.745239 153721.335775
-23.647164 39.644944 153333.427407
-23.462480 39.556221 152990.276965
-23.277073 39.479996 152695.463327
-23.576944 39.417082 152452.133840
-23.716653 39.367859 152261.756636
-23.535268 39.332480 152124.922836
-23.837903 39.311019 152041.918575
-24.141643 39.303146 152011.469137
-24.286942 39.308222 152031.101562
-23.950959 39.325497 152097.914478
-24.340325 39.354130 152208.655773
-24.246308 39.392945 152358.780690
-23.993019 39.440661 152543.328234
-23.820587 39.496149 152757.938148
-23.649095 39.558148 152997.732156
-23.717361 39.625427 153257.944037
-23.786422 39.696909 153534.411348
-24.339955 39.771239 153821.895404
-24.249727 39.846663 154113.610477
-24.157952 39.921615 154403.497847
-24.547577 39.994771 154686.441111
-24.209821 40.065074 154958.351416
-24.435657 40.131905 155216.831204
-24.900142 40.194413 155458.591538
-25.201751 40.251196 155678.208475
-25.501969 40.300715 155869.733672
-25.880365 40.341725 156028.346636
-26.015080 40.373234 156150.210296
-25.988276 40.394549 156232.651652
-26.042346 40.405240 156274.000457
-26.256798 40.404855 156272.511739
-26.228203 40.393173 156227.327401
-26.516965 40.370402 156139.256981
-26.400429 40.336726 156009.011749
-26.040430 40.292445 155837.746323
-25.840496 40.238084 155627.495450
-25.961401 40.174014 155379.694142
-25.758833 40.100735 155096.275277
-25.636328 40.019144 154780.708421
-25.671164 39.930132 154436.438685
-25.704877 39.834447 154066.363404
-25.738426 39.732912 153673.658066
-25.851967 39.626292 153261.288258
-25.802374 39.515558 152833.004580
-25.429523 39.401865 152393.280777
-25.458854 39.286362 151946.553403
-25.244889 39.170329 151497.775889
-25.432866 39.055042 151051.885028
-25.377542 38.941721 150613.595370
-25.321144 38.831554 150187.507146
-25.025257 38.725572 149777.605003
-24.971269 38.624868 149388.115327
-24.757885 38.530501 149023.135988
-24.949577 38.443188 148685.438114
-24.902642 38.363485 148377.173013
-24.858636 38.292022 148100.777160
-24.818722 38.229384 147858.516113
-24.542346 38.175997 147652.030031
-24.992107 38.132138 147482.400045
-24.960854 38.098022 147350.448781
-24.772255 38.073820 147256.845313
-24.666821 38.059515 147201.516748
-24.886189 38.055071 147184.327903
-24.867800 38.060423 147205.028307
-24.854244 38.075264 147262.428109
-24.763253 38.099061 147354.469395
-25.478990 38.130962 147477.852352
-25.148334 38.169902 147628.456438
-25.461779 38.215040 147803.034632
-25.049064 38.265828 147999.467472
-24.960498 38.321886 148216.282068
-25.115781 38.382867 148452.134267
-25.191715 38.448354 148705.415378
-25.265960 38.517330 148972.191756
-25.257877 38.588635 149247.979042
-25.329526 38.661675 149530.472061
-25.159253 38.735923 149817.638015
-25.550102 38.810582 150106.394070
-25.537325 38.884879 150393.751235
-25.282909 38.958353 150677.924126
-24.786313 39.031065 150959.147231
-25.177310 39.103155 151237.968151
-25.165172 39.174337 151513.279283
-25.314719 39.244323 151783.961358
-25.463622 39.312853 152049.011616
-25.210512 39.379590 152307.128163
-25.361001 39.444266 152557.270878
-25.269065 39.506804 152799.148712
-25.017663 39.567278 153033.043839
-25.088502 39.625925 153259.868473
-25.000315 39.682760 153479.686298
-24.834072 39.737655 153692.003563
-24.670354 39.790632 153896.899854
-24.345371 39.841843 154094.968272
-24.746612 39.891196 154285.850915
-24.503853 39.938428 154468.525546
-24.825097 39.983293 154642.051453
-24.906002 40.025418 154804.974455
-24.746986 40.064528 154956.238419
-24.750913 40.100346 155094.771426
-24.592115 40.132714 155219.961390
-24.434239 40.161716 155332.130439
-24.680622 40.187357 155431.300194
-24.927380 40.209444 155516.724521
-24.851457 40.227757 155587.555032
-24.774306 40.242394 155644.167738
-24.696699 40.253587 155687.457474
-24.215137 40.261994 155719.972046
-24.296671 40.268256 155744.192001
-24.618659 40.272103 155759.069764
-24.860556 40.273233 155763.439275
-24.860897 40.271565 155756.988301
-24.780295 40.267124 155739.814652
-24.618981 40.260028 155712.369982
-24.374629 40.250438 155675.276429
-24.370426 40.238752 155630.080358
-24.363940 40.225527 155578.929204
-24.679470 40.211061 155522.979529
-24.432399 40.195315 155462.078872
-24.830420 40.178261 155396.120593
-24.746171 40.159836 155324.857193
-24.743401 40.140142 155248.688689
-24.660106 40.119306 155168.101535
-24.819166 40.097201 155082.606676
-25.219376 40.073452 154990.755409
-25.297766 40.047581 154890.695609
-25.698336 40.019185 154780.869398
-25.455677 39.987898 154659.858568
-25.454337 39.953429 154526.547255
-25.933598 39.915347 154379.258454
-26.171665 39.873141 154216.020104
-26.327503 39.825827 154033.024284
-26.158386 39.772399 153826.382028
-25.986142 39.712636 153595.239144
-26.215905 39.646487 153339.395533
-26.119984 39.573975 153058.942211
-25.780413 39.495632 152755.937798
-25.923974 39.412122 152432.951476
-25.582186 39.323728 152091.071967
-25.803875 39.230732 151731.392629
-26.105662 39.133450 151355.141549
-26.085651 39.032251 150963.737740
-26.306694 38.927626 150559.082334
-26.287195 38.819987 150142.768079
-26.187936 38.709811 149716.645227
-26.249821 38.597659 149282.877210
-26.312657 38.484216 148844.120073
-26.213457 38.370138 148402.902237
-26.355669 38.256160 147962.073106
-25.690780 38.143244 147525.352041
-25.992602 38.032471 147096.919423
-25.732128 37.924993 146681.229584
-25.876278 37.822057 146283.109840
-25.861924 37.724954 145907.548797
-25.930280 37.634584 145558.027850
-25.919329 37.551603 145237.083392
-25.667985 37.476701 144947.387271
-25.900868 37.410655 144691.941731
-25.730470 37.354090 144473.167257
-25.881250 37.307588 144293.312712
-25.952108 37.271783 144154.833604
-25.944781 37.247071 144059.254974
-25.777778 37.233700 144007.540209
-25.852791 37.232038 144001.111425
-26.091283 37.242332 144040.924401
-26.168676 37.264337 144126.032594
-25.844349 37.297877 144255.754186
-26.005173 37.342815 144429.559696
-26.007405 37.398571 144645.207608
-25.766568 37.464617 144900.651975
-25.606903 37.540465 145194.006415
-25.528955 37.625342 145522.279243
-25.211208 37.718070 145880.921712
-25.215666 37.817348 146264.898182
-25.140817 37.921892 146669.237133
-25.469645 38.030024 147087.456820
-25.073343 38.139925 147512.516330
-25.157303 38.250270 147939.292639
-25.319347 38.360055 148363.906909
-25.562121 38.468136 148781.926509
-25.642986 38.573522 149189.523816
-25.643066 38.675362 149583.408483
-25.721335 38.772777 149960.176402
-25.397377 38.865039 150317.014731
-25.798312 38.951506 150651.441786
-26.118758 39.031273 150959.953971
-26.116647 39.103390 151238.876596
-26.115461 39.166878 151484.426946
-26.114003 39.220734 151692.727282
-26.111566 39.264398 151861.604107
-26.429322 39.297514 151989.685060
-26.422835 39.319674 152075.393491
-26.576873 39.330590 152117.613546
-26.247737 39.330456 152117.092382
-26.484459 39.319548 152074.905245
-26.561674 39.297931 151991.296631
-26.639587 39.265801 151867.029400
-26.558545 39.223422 151703.121594
-26.880282 39.170934 151500.116368
-26.879166 39.108565 151258.893563
-27.119025 39.036651 150980.754049
-26.792166 38.955668 150667.537872
-26.787866 38.866307 150321.921458
-26.542010 38.769324 149946.823560
-26.377585 38.665727 149546.142679
-26.293129 38.556514 149123.743774
-26.367967 38.442391 148682.354505
-26.522346 38.324298 148225.611298
-26.674041 38.203542 147758.565264
-26.341716 38.081563 147286.793384
-26.250705 37.959967 146816.497966
-26.080475 37.840285 146353.609503
-26.071797 37.723798 145903.076138
-26.224901 37.611632 145469.256844
-26.376031 37.504664 145055.539975
-26.204417 37.403894 144665.795793
-26.273721 37.310450 144304.382669
-26.182119 37.225023 143973.979160
-26.413481 37.148197 143676.844101
-26.001332 37.080709 143415.820482
-26.315341 37.023133 143193.135643
-26.228601 36.975608 143009.326693
-26.304447 36.938027 142863.976688
-26.219421 36.910279 142756.655926
-25.893754 36.892331 142687.238571
-25.889223 36.884104 142655.419545
-25.885240 36.885441 142660.589295
-25.962277 36.895944 142701.212088
-25.879620 36.914948 142774.712622
-25.878967 36.941952 142879.155939
-25.878748 36.976304 143012.018635
-25.878293 37.016907 143169.058764
-25.799040 37.062847 143346.738158
-25.961171 37.113514 143542.701832
-25.721973 37.168279 143754.512131
-25.322777 37.226600 143980.079061
-25.085026 37.288037 144217.697386
-25.089228 37.352052 144465.285161
-25.175113 37.418035 144720.487390
-25.260381 37.485413 144981.081675
-25.346280 37.553634 145244.936841
-25.430193 37.622298 145510.506612
-25.269928 37.690643 145774.842674
-25.107811 37.757785 146034.525566
-25.186613 37.823445 146288.476475
-25.266444 37.887523 146536.309368
-25.344711 37.949722 146776.874949
-25.262219 38.009642 147008.625087
-25.018834 38.067110 147230.891983
-24.857200 38.122235 147444.099432
-25.099144 38.175083 147648.494856
-25.099198 38.225686 147844.213464
-25.182214 38.274113 148031.510433
-25.267047 38.320288 148210.102480
-25.272624 38.364108 148379.583267
-24.875466 38.405532 148539.794010
-24.880364 38.444761 148691.519569
-24.968739 38.482160 148836.168518
-25.137260 38.517800 148974.011769
-25.306866 38.551604 149104.751831
-25.315661 38.583884 149229.603712
-25.809324 38.614887 149349.511014
-26.063464 38.644335 149463.405230
-25.674912 38.671961 149570.254807
-25.771563 38.697857 149670.413115
-25.790276 38.722306 149764.973975
-25.891198 38.745491 149854.642308
-25.591063 38.767431 149939.499884
-25.695617 38.788070 150019.325343
-25.641218 38.807032 150092.666026
-25.907844 38.823508 150156.388939
-25.930450 38.836705 150207.430685
-25.951657 38.846321 150244.619141
-25.972388 38.852284 150267.685059
-25.991348 38.854447 150276.047890
-25.607665 38.852837 150269.824477
-25.465777 38.847606 150249.590914
-25.323255 38.839035 150216.442765
-25.422017 38.827371 150171.326685
-25.520483 38.812439 150113.575659
-25.376800 38.794120 150042.724061
-25.555380 38.772593 149959.466384
-25.491289 38.748044 149864.519204
-25.425283 38.720832 149759.271838
-25.197575 38.691550 149646.017698
-25.453597 38.660631 149526.435697
-25.467706 38.628163 149400.860276
-25.643837 38.594277 149269.797594
-25.739315 38.559397 149134.896297
-25.190560 38.523891 148997.569793
-25.286015 38.487977 148858.667066
-25.058698 38.451825 148718.843383
-25.232736 38.415705 148579.140094
-25.406669 38.380058 148441.270824
-25.098253 38.345191 148306.417078
-25.111669 38.311532 148176.235264
-24.964095 38.279698 148053.110427
-24.656613 38.250020 147938.328825
-24.833058 38.222599 147832.270963
-24.690010 38.197473 147735.094592
-24.467348 38.174853 147647.605680
-24.727855 38.155051 147571.019347
-24.747978 38.138273 147506.128047
-24.930629 38.124618 147453.312928
-24.871336 38.114015 147412.306180
-25.216780 38.106384 147382.791263
-25.723901 38.101640 147364.442941
-25.828821 38.099460 147356.010202
-26.414163 38.099136 147354.757056
-26.193375 38.100054 147358.307003
-26.371548 38.102197 147366.597957
-26.389083 38.105621 147379.841156
-26.485769 38.110200 147397.549431
-26.419678 38.115687 147418.770610
-26.189764 38.122050 147443.380268
-26.360344 38.129862 147473.597234
-26.046434 38.139466 147510.739839
-25.893685 38.150719 147554.262318
-26.224420 38.163400 147603.308202
-26.311585 38.177042 147656.070965
-26.395629 38.191104 147710.461579
-26.398590 38.205283 147765.299322
-26.079507 38.219412 147819.945712
-26.083880 38.233399 147874.043739
-26.007937 38.247314 147927.860135
-26.011051 38.261437 147982.486418
-25.933533 38.276136 148039.337253
-25.857879 38.291642 148099.308614
-26.025702 38.308175 148163.253058
-26.115092 38.325934 148231.936767
-25.884436 38.345145 148306.237612
-25.815413 38.366308 148388.089498
-25.587310 38.389981 148479.651395
-25.683617 38.416594 148582.578843
-26.023574 38.446332 148697.598598
-26.041538 38.479408 148825.524676
-26.221871 38.516142 148967.596698
-26.163165 38.556614 149124.132405
-26.507180 38.601002 149295.808575
-26.931576 38.649424 149483.087687
-27.114122 38.701542 149684.662597
-27.376115 38.757164 149899.790925
-27.155227 38.816388 150128.849488
-27.014312 38.879410 150372.598906
-27.033197 38.946227 150631.023851
-26.405955 39.016623 150903.292191
-26.422044 39.090645 151189.586476
-26.275746 39.168666 151491.344349
-26.211003 39.250774 151808.911714
