5.883128 5.094939 2.401777
10.295475 16.133972 0.000000
10.295475 11.039034 0.000000
10.295475 5.944095 0.000000
10.295475 0.849156 0.000000
8.824693 18.681442 0.000000
8.824693 13.586503 0.000000
8.824693 8.491564 0.000000
8.824693 3.396626 0.000000
7.353911 16.133972 0.000000
7.353911 11.039034 0.000000
7.353911 5.944095 0.000000
7.353911 0.849156 0.000000
5.883128 18.681442 0.000000
5.883128 13.586503 0.000000
5.883128 8.491564 0.000000
5.883128 3.396626 0.000000
4.412346 16.133972 0.000000
4.412346 11.039034 0.000000
4.412346 5.944095 0.000000
4.412346 0.849156 0.000000
2.941564 18.681442 0.000000
2.941564 13.586503 0.000000
2.941564 8.491564 0.000000
2.941564 3.396626 0.000000
1.470782 16.133972 0.000000
1.470782 11.039034 0.000000
1.470782 5.944095 0.000000
1.470782 0.849156 0.000000
0.000000 18.681442 0.000000
0.000000 13.586503 0.000000
0.000000 8.491564 0.000000
0.000000 3.396626 0.000000
10.295475 17.832285 -2.401777
10.295475 12.737347 -2.401777
10.295475 7.642408 -2.401777
10.295475 2.547469 -2.401777
8.824693 15.284816 -2.401777
8.824693 10.189877 -2.401777
8.824693 5.094939 -2.401777
8.824693 0.000000 -2.401777
7.353911 17.832285 -2.401777
7.353911 12.737347 -2.401777
7.353911 7.642408 -2.401777
7.353911 2.547469 -2.401777
5.883128 15.284816 -2.401777
5.883128 10.189877 -2.401777
5.883128 5.094939 -2.401777
5.883128 0.000000 -2.401777
4.412346 17.832285 -2.401777
4.412346 12.737347 -2.401777
4.412346 7.642408 -2.401777
4.412346 2.547469 -2.401777
2.941564 15.284816 -2.401777
2.941564 10.189877 -2.401777
2.941564 5.094939 -2.401777
2.941564 0.000000 -2.401777
1.470782 17.832285 -2.401777
1.470782 12.737347 -2.401777
1.470782 7.642408 -2.401777
1.470782 2.547469 -2.401777
0.000000 15.284816 -2.401777
0.000000 10.189877 -2.401777
0.000000 5.094939 -2.401777
0.000000 0.000000 -2.401777
10.295475 19.530598 -4.803554
10.295475 14.435660 -4.803554
10.295475 9.340721 -4.803554
10.295475 4.245782 -4.803554
8.824693 16.983129 -4.803554
8.824693 11.888190 -4.803554
8.824693 6.793252 -4.803554
8.824693 1.698313 -4.803554
7.353911 19.530598 -4.803554
7.353911 14.435660 -4.803554
7.353911 9.340721 -4.803554
7.353911 4.245782 -4.803554
5.883128 16.983129 -4.803554
5.883128 11.888190 -4.803554
5.883128 6.793252 -4.803554
5.883128 1.698313 -4.803554
4.412346 19.530598 -4.803554
4.412346 14.435660 -4.803554
4.412346 9.340721 -4.803554
4.412346 4.245782 -4.803554
2.941564 16.983129 -4.803554
2.941564 11.888190 -4.803554
2.941564 6.793252 -4.803554
2.941564 1.698313 -4.803554
1.470782 19.530598 -4.803554
1.470782 14.435660 -4.803554
1.470782 9.340721 -4.803554
1.470782 4.245782 -4.803554
0.000000 16.983129 -4.803554
0.000000 11.888190 -4.803554
0.000000 6.793252 -4.803554
0.000000 1.698313 -4.803554
10.295475 16.133972 -7.205331
10.295475 11.039034 -7.205331
10.295475 5.944095 -7.205331
10.295475 0.849156 -7.205331
8.824693 18.681442 -7.205331
8.824693 13.586503 -7.205331
8.824693 8.491564 -7.205331
8.824693 3.396626 -7.205331
7.353911 16.133972 -7.205331
7.353911 11.039034 -7.205331
7.353911 5.944095 -7.205331
7.353911 0.849156 -7.205331
5.883128 18.681442 -7.205331
5.883128 13.586503 -7.205331
5.883128 8.491564 -7.205331
5.883128 3.396626 -7.205331
4.412346 16.133972 -7.205331
4.412346 11.039034 -7.205331
4.412346 5.944095 -7.205331
4.412346 0.849156 -7.205331
2.941564 18.681442 -7.205331
2.941564 13.586503 -7.205331
2.941564 8.491564 -7.205331
2.941564 3.396626 -7.205331
1.470782 16.133972 -7.205331
1.470782 11.039034 -7.205331
1.470782 5.944095 -7.205331
1.470782 0.849156 -7.205331
0.000000 18.681442 -7.205331
0.000000 13.586503 -7.205331
0.000000 8.491564 -7.205331
0.000000 3.396626 -7.205331
10.295475 17.832285 -9.607108
10.295475 12.737347 -9.607108
10.295475 7.642408 -9.607108
10.295475 2.547469 -9.607108
8.824693 15.284816 -9.607108
8.824693 10.189877 -9.607108
8.824693 5.094939 -9.607108
8.824693 0.000000 -9.607108
7.353911 17.832285 -9.607108
7.353911 12.737347 -9.607108
7.353911 7.642408 -9.607108
7.353911 2.547469 -9.607108
5.883128 15.284816 -9.607108
5.883128 10.189877 -9.607108
5.883128 5.094939 -9.607108
5.883128 0.000000 -9.607108
4.412346 17.832285 -9.607108
4.412346 12.737347 -9.607108
4.412346 7.642408 -9.607108
4.412346 2.547469 -9.607108
2.941564 15.284816 -9.607108
2.941564 10.189877 -9.607108
2.941564 5.094939 -9.607108
2.941564 0.000000 -9.607108
1.470782 17.832285 -9.607108
1.470782 12.737347 -9.607108
1.470782 7.642408 -9.607108
1.470782 2.547469 -9.607108
0.000000 15.284816 -9.607108
0.000000 10.189877 -9.607108
0.000000 5.094939 -9.607108
0.000000 0.000000 -9.607108
10.295475 19.530598 -12.008886
10.295475 14.435660 -12.008886
10.295475 9.340721 -12.008886
10.295475 4.245782 -12.008886
8.824693 16.983129 -12.008886
8.824693 11.888190 -12.008886
8.824693 6.793252 -12.008886
8.824693 1.698313 -12.008886
7.353911 19.530598 -12.008886
7.353911 14.435660 -12.008886
7.353911 9.340721 -12.008886
7.353911 4.245782 -12.008886
5.883128 16.983129 -12.008886
5.883128 11.888190 -12.008886
5.883128 6.793252 -12.008886
5.883128 1.698313 -12.008886
4.412346 19.530598 -12.008886
4.412346 14.435660 -12.008886
4.412346 9.340721 -12.008886
4.412346 4.245782 -12.008886
2.941564 16.983129 -12.008886
2.941564 11.888190 -12.008886
2.941564 6.793252 -12.008886
2.941564 1.698313 -12.008886
1.470782 19.530598 -12.008886
1.470782 14.435660 -12.008886
1.470782 9.340721 -12.008886
1.470782 4.245782 -12.008886
0.000000 16.983129 -12.008886
0.000000 11.888190 -12.008886
0.000000 6.793252 -12.008886
0.000000 1.698313 -12.008886
10.295475 16.133972 -14.410663
10.295475 11.039034 -14.410663
10.295475 5.944095 -14.410663
10.295475 0.849156 -14.410663
8.824693 18.681442 -14.410663
8.824693 13.586503 -14.410663
8.824693 8.491564 -14.410663
8.824693 3.396626 -14.410663
7.353911 16.133972 -14.410663
7.353911 11.039034 -14.410663
7.353911 5.944095 -14.410663
7.353911 0.849156 -14.410663
5.883128 18.681442 -14.410663
5.883128 13.586503 -14.410663
5.883128 8.491564 -14.410663
5.883128 3.396626 -14.410663
4.412346 16.133972 -14.410663
4.412346 11.039034 -14.410663
4.412346 5.944095 -14.410663
4.412346 0.849156 -14.410663
2.941564 18.681442 -14.410663
2.941564 13.586503 -14.410663
2.941564 8.491564 -14.410663
2.941564 3.396626 -14.410663
1.470782 16.133972 -14.410663
1.470782 11.039034 -14.410663
1.470782 5.944095 -14.410663
1.470782 0.849156 -14.410663
0.000000 18.681442 -14.410663
0.000000 13.586503 -14.410663
0.000000 8.491564 -14.410663
0.000000 3.396626 -14.410663
10.295475 17.832285 -16.812440
10.295475 12.737347 -16.812440
10.295475 7.642408 -16.812440
10.295475 2.547469 -16.812440
8.824693 15.284816 -16.812440
8.824693 10.189877 -16.812440
8.824693 5.094939 -16.812440
8.824693 0.000000 -16.812440
7.353911 17.832285 -16.812440
7.353911 12.737347 -16.812440
7.353911 7.642408 -16.812440
7.353911 2.547469 -16.812440
5.883128 15.284816 -16.812440
5.883128 10.189877 -16.812440
5.883128 5.094939 -16.812440
5.883128 0.000000 -16.812440
4.412346 17.832285 -16.812440
4.412346 12.737347 -16.812440
4.412346 7.642408 -16.812440
4.412346 2.547469 -16.812440
2.941564 15.284816 -16.812440
2.941564 10.189877 -16.812440
2.941564 5.094939 -16.812440
2.941564 0.000000 -16.812440
1.470782 17.832285 -16.812440
1.470782 12.737347 -16.812440
1.470782 7.642408 -16.812440
1.470782 2.547469 -16.812440
0.000000 15.284816 -16.812440
0.000000 10.189877 -16.812440
0.000000 5.094939 -16.812440
0.000000 0.000000 -16.812440
10.295475 19.530598 -19.214217
10.295475 14.435660 -19.214217
10.295475 9.340721 -19.214217
10.295475 4.245782 -19.214217
8.824693 16.983129 -19.214217
8.824693 11.888190 -19.214217
8.824693 6.793252 -19.214217
8.824693 1.698313 -19.214217
7.353911 19.530598 -19.214217
7.353911 14.435660 -19.214217
7.353911 9.340721 -19.214217
7.353911 4.245782 -19.214217
5.883128 16.983129 -19.214217
5.883128 11.888190 -19.214217
5.883128 6.793252 -19.214217
5.883128 1.698313 -19.214217
4.412346 19.530598 -19.214217
4.412346 14.435660 -19.214217
4.412346 9.340721 -19.214217
4.412346 4.245782 -19.214217
2.941564 16.983129 -19.214217
2.941564 11.888190 -19.214217
2.941564 6.793252 -19.214217
2.941564 1.698313 -19.214217
1.470782 19.530598 -19.214217
1.470782 14.435660 -19.214217
1.470782 9.340721 -19.214217
1.470782 4.245782 -19.214217
0.000000 16.983129 -19.214217
0.000000 11.888190 -19.214217
0.000000 6.793252 -19.214217
0.000000 1.698313 -19.214217
10.295475 16.133972 -21.615994
10.295475 11.039034 -21.615994
10.295475 5.944095 -21.615994
10.295475 0.849156 -21.615994
8.824693 18.681442 -21.615994
8.824693 13.586503 -21.615994
8.824693 8.491564 -21.615994
8.824693 3.396626 -21.615994
7.353911 16.133972 -21.615994
7.353911 11.039034 -21.615994
7.353911 5.944095 -21.615994
7.353911 0.849156 -21.615994
5.883128 18.681442 -21.615994
5.883128 13.586503 -21.615994
5.883128 8.491564 -21.615994
5.883128 3.396626 -21.615994
4.412346 16.133972 -21.615994
4.412346 11.039034 -21.615994
4.412346 5.944095 -21.615994
4.412346 0.849156 -21.615994
2.941564 18.681442 -21.615994
2.941564 13.586503 -21.615994
2.941564 8.491564 -21.615994
2.941564 3.396626 -21.615994
1.470782 16.133972 -21.615994
1.470782 11.039034 -21.615994
1.470782 5.944095 -21.615994
1.470782 0.849156 -21.615994
0.000000 18.681442 -21.615994
0.000000 13.586503 -21.615994
0.000000 8.491564 -21.615994
0.000000 3.396626 -21.615994
10.295475 17.832285 -24.017771
10.295475 12.737347 -24.017771
10.295475 7.642408 -24.017771
10.295475 2.547469 -24.017771
8.824693 15.284816 -24.017771
8.824693 10.189877 -24.017771
8.824693 5.094939 -24.017771
8.824693 0.000000 -24.017771
7.353911 17.832285 -24.017771
7.353911 12.737347 -24.017771
7.353911 7.642408 -24.017771
7.353911 2.547469 -24.017771
5.883128 15.284816 -24.017771
5.883128 10.189877 -24.017771
5.883128 5.094939 -24.017771
5.883128 0.000000 -24.017771
4.412346 17.832285 -24.017771
4.412346 12.737347 -24.017771
4.412346 7.642408 -24.017771
4.412346 2.547469 -24.017771
2.941564 15.284816 -24.017771
2.941564 10.189877 -24.017771
2.941564 5.094939 -24.017771
2.941564 0.000000 -24.017771
1.470782 17.832285 -24.017771
1.470782 12.737347 -24.017771
1.470782 7.642408 -24.017771
1.470782 2.547469 -24.017771
0.000000 15.284816 -24.017771
0.000000 10.189877 -24.017771
0.000000 5.094939 -24.017771
0.000000 0.000000 -24.017771
10.295475 19.530598 -26.419548
10.295475 14.435660 -26.419548
10.295475 9.340721 -26.419548
10.295475 4.245782 -26.419548
8.824693 16.983129 -26.419548
8.824693 11.888190 -26.419548
8.824693 6.793252 -26.419548
8.824693 1.698313 -26.419548
7.353911 19.530598 -26.419548
7.353911 14.435660 -26.419548
7.353911 9.340721 -26.419548
7.353911 4.245782 -26.419548
5.883128 16.983129 -26.419548
5.883128 11.888190 -26.419548
5.883128 6.793252 -26.419548
5.883128 1.698313 -26.419548
4.412346 19.530598 -26.419548
4.412346 14.435660 -26.419548
4.412346 9.340721 -26.419548
4.412346 4.245782 -26.419548
2.941564 16.983129 -26.419548
2.941564 11.888190 -26.419548
2.941564 6.793252 -26.419548
2.941564 1.698313 -26.419548
1.470782 19.530598 -26.419548
1.470782 14.435660 -26.419548
1.470782 9.340721 -26.419548
1.470782 4.245782 -26.419548
0.000000 16.983129 -26.419548
0.000000 11.888190 -26.419548
0.000000 6.793252 -26.419548
0.000000 1.698313 -26.419548
