    0.000000    1.470582    0.000000
    2.941164    1.470582    0.000000
    5.882328    1.470582    0.000000
    8.823492    1.470582    0.000000
   11.764656    1.470582    0.000000
   14.705819    1.470582    0.000000
    0.000000    4.411746    0.000000
    2.941164    4.411746    0.000000
    5.882328    4.411746    0.000000
    8.823492    4.411746    0.000000
   11.764656    4.411746    0.000000
   14.705819    4.411746    0.000000
    0.000000    7.352910    0.000000
    2.941164    7.352910    0.000000
    5.882328    7.352910    0.000000
    8.823492    7.352910    0.000000
   11.764656    7.352910    0.000000
   14.705819    7.352910    0.000000
    0.000000   10.294074    0.000000
    2.941164   10.294074    0.000000
    5.882328   10.294074    0.000000
    8.823492   10.294074    0.000000
   11.764656   10.294074    0.000000
   14.705819   10.294074    0.000000
    0.000000   13.235237    0.000000
    2.941164   13.235237    0.000000
    5.882328   13.235237    0.000000
    8.823492   13.235237    0.000000
   11.764656   13.235237    0.000000
   14.705819   13.235237    0.000000
    0.000000   16.176401    0.000000
    2.941164   16.176401    0.000000
    5.882328   16.176401    0.000000
    8.823492   16.176401    0.000000
   11.764656   16.176401    0.000000
   14.705819   16.176401    0.000000
    1.470582    0.000000   -2.079765
    4.411746    0.000000   -2.079765
    7.352910    0.000000   -2.079765
   10.294074    0.000000   -2.079765
   13.235237    0.000000   -2.079765
   16.176401    0.000000   -2.079765
    1.470582    2.941164   -2.079765
    4.411746    2.941164   -2.079765
    7.352910    2.941164   -2.079765
   10.294074    2.941164   -2.079765
   13.235237    2.941164   -2.079765
   16.176401    2.941164   -2.079765
    1.470582    5.882328   -2.079765
    4.411746    5.882328   -2.079765
    7.352910    5.882328   -2.079765
   10.294074    5.882328   -2.079765
   13.235237    5.882328   -2.079765
   16.176401    5.882328   -2.079765
    1.470582    8.823492   -2.079765
    4.411746    8.823492   -2.079765
    7.352910    8.823492   -2.079765
   10.294074    8.823492   -2.079765
   13.235237    8.823492   -2.079765
   16.176401    8.823492   -2.079765
    1.470582   11.764656   -2.079765
    4.411746   11.764656   -2.079765
    7.352910   11.764656   -2.079765
   10.294074   11.764656   -2.079765
   13.235237   11.764656   -2.079765
   16.176401   11.764656   -2.079765
    1.470582   14.705819   -2.079765
    4.411746   14.705819   -2.079765
    7.352910   14.705819   -2.079765
   10.294074   14.705819   -2.079765
   13.235237   14.705819   -2.079765
   16.176401   14.705819   -2.079765
    0.000000    1.470582   -4.159530
    2.941164    1.470582   -4.159530
    5.882328    1.470582   -4.159530
    8.823492    1.470582   -4.159530
   11.764656    1.470582   -4.159530
   14.705819    1.470582   -4.159530
    0.000000    4.411746   -4.159530
    2.941164    4.411746   -4.159530
    5.882328    4.411746   -4.159530
    8.823492    4.411746   -4.159530
   11.764656    4.411746   -4.159530
   14.705819    4.411746   -4.159530
    0.000000    7.352910   -4.159530
    2.941164    7.352910   -4.159530
    5.882328    7.352910   -4.159530
    8.823492    7.352910   -4.159530
   11.764656    7.352910   -4.159530
   14.705819    7.352910   -4.159530
    0.000000   10.294074   -4.159530
    2.941164   10.294074   -4.159530
    5.882328   10.294074   -4.159530
    8.823492   10.294074   -4.159530
   11.764656   10.294074   -4.159530
   14.705819   10.294074   -4.159530
    0.000000   13.235237   -4.159530
    2.941164   13.235237   -4.159530
    5.882328   13.235237   -4.159530
    8.823492   13.235237   -4.159530
   11.764656   13.235237   -4.159530
   14.705819   13.235237   -4.159530
    0.000000   16.176401   -4.159530
    2.941164   16.176401   -4.159530
    5.882328   16.176401   -4.159530
    8.823492   16.176401   -4.159530
   11.764656   16.176401   -4.159530
   14.705819   16.176401   -4.159530
    1.470582    0.000000   -6.239295
    4.411746    0.000000   -6.239295
    7.352910    0.000000   -6.239295
   10.294074    0.000000   -6.239295
   13.235237    0.000000   -6.239295
   16.176401    0.000000   -6.239295
    1.470582    2.941164   -6.239295
    4.411746    2.941164   -6.239295
    7.352910    2.941164   -6.239295
   10.294074    2.941164   -6.239295
   13.235237    2.941164   -6.239295
   16.176401    2.941164   -6.239295
    1.470582    5.882328   -6.239295
    4.411746    5.882328   -6.239295
    7.352910    5.882328   -6.239295
   10.294074    5.882328   -6.239295
   13.235237    5.882328   -6.239295
   16.176401    5.882328   -6.239295
    1.470582    8.823492   -6.239295
    4.411746    8.823492   -6.239295
    7.352910    8.823492   -6.239295
   10.294074    8.823492   -6.239295
   13.235237    8.823492   -6.239295
   16.176401    8.823492   -6.239295
    1.470582   11.764656   -6.239295
    4.411746   11.764656   -6.239295
    7.352910   11.764656   -6.239295
   10.294074   11.764656   -6.239295
   13.235237   11.764656   -6.239295
   16.176401   11.764656   -6.239295
    1.470582   14.705819   -6.239295
    4.411746   14.705819   -6.239295
    7.352910   14.705819   -6.239295
   10.294074   14.705819   -6.239295
   13.235237   14.705819   -6.239295
   16.176401   14.705819   -6.239295
    0.000000    1.470582   -8.319060
    2.941164    1.470582   -8.319060
    5.882328    1.470582   -8.319060
    8.823492    1.470582   -8.319060
   11.764656    1.470582   -8.319060
   14.705819    1.470582   -8.319060
    0.000000    4.411746   -8.319060
    2.941164    4.411746   -8.319060
    5.882328    4.411746   -8.319060
    8.823492    4.411746   -8.319060
   11.764656    4.411746   -8.319060
   14.705819    4.411746   -8.319060
    0.000000    7.352910   -8.319060
    2.941164    7.352910   -8.319060
    5.882328    7.352910   -8.319060
    8.823492    7.352910   -8.319060
   11.764656    7.352910   -8.319060
   14.705819    7.352910   -8.319060
    0.000000   10.294074   -8.319060
    2.941164   10.294074   -8.319060
    5.882328   10.294074   -8.319060
    8.823492   10.294074   -8.319060
   11.764656   10.294074   -8.319060
   14.705819   10.294074   -8.319060
    0.000000   13.235237   -8.319060
    2.941164   13.235237   -8.319060
    5.882328   13.235237   -8.319060
    8.823492   13.235237   -8.319060
   11.764656   13.235237   -8.319060
   14.705819   13.235237   -8.319060
    0.000000   16.176401   -8.319060
    2.941164   16.176401   -8.319060
    5.882328   16.176401   -8.319060
    8.823492   16.176401   -8.319060
   11.764656   16.176401   -8.319060
   14.705819   16.176401   -8.319060
    1.470582    0.000000  -10.398825
    4.411746    0.000000  -10.398825
    7.352910    0.000000  -10.398825
   10.294074    0.000000  -10.398825
   13.235237    0.000000  -10.398825
   16.176401    0.000000  -10.398825
    1.470582    2.941164  -10.398825
    4.411746    2.941164  -10.398825
    7.352910    2.941164  -10.398825
   10.294074    2.941164  -10.398825
   13.235237    2.941164  -10.398825
   16.176401    2.941164  -10.398825
    1.470582    5.882328  -10.398825
    4.411746    5.882328  -10.398825
    7.352910    5.882328  -10.398825
   10.294074    5.882328  -10.398825
   13.235237    5.882328  -10.398825
   16.176401    5.882328  -10.398825
    1.470582    8.823492  -10.398825
    4.411746    8.823492  -10.398825
    7.352910    8.823492  -10.398825
   10.294074    8.823492  -10.398825
   13.235237    8.823492  -10.398825
   16.176401    8.823492  -10.398825
    1.470582   11.764656  -10.398825
    4.411746   11.764656  -10.398825
    7.352910   11.764656  -10.398825
   10.294074   11.764656  -10.398825
   13.235237   11.764656  -10.398825
   16.176401   11.764656  -10.398825
    1.470582   14.705819  -10.398825
    4.411746   14.705819  -10.398825
    7.352910   14.705819  -10.398825
   10.294074   14.705819  -10.398825
   13.235237   14.705819  -10.398825
   16.176401   14.705819  -10.398825
    0.000000    1.470582  -12.478590
    2.941164    1.470582  -12.478590
    5.882328    1.470582  -12.478590
    8.823492    1.470582  -12.478590
   11.764656    1.470582  -12.478590
   14.705819    1.470582  -12.478590
    0.000000    4.411746  -12.478590
    2.941164    4.411746  -12.478590
    5.882328    4.411746  -12.478590
    8.823492    4.411746  -12.478590
   11.764656    4.411746  -12.478590
   14.705819    4.411746  -12.478590
    0.000000    7.352910  -12.478590
    2.941164    7.352910  -12.478590
    5.882328    7.352910  -12.478590
    8.823492    7.352910  -12.478590
   11.764656    7.352910  -12.478590
   14.705819    7.352910  -12.478590
    0.000000   10.294074  -12.478590
    2.941164   10.294074  -12.478590
    5.882328   10.294074  -12.478590
    8.823492   10.294074  -12.478590
   11.764656   10.294074  -12.478590
   14.705819   10.294074  -12.478590
    0.000000   13.235237  -12.478590
    2.941164   13.235237  -12.478590
    5.882328   13.235237  -12.478590
    8.823492   13.235237  -12.478590
   11.764656   13.235237  -12.478590
   14.705819   13.235237  -12.478590
    0.000000   16.176401  -12.478590
    2.941164   16.176401  -12.478590
    5.882328   16.176401  -12.478590
    8.823492   16.176401  -12.478590
   11.764656   16.176401  -12.478590
   14.705819   16.176401  -12.478590
    1.470582    0.000000  -14.558354
    4.411746    0.000000  -14.558354
    7.352910    0.000000  -14.558354
   10.294074    0.000000  -14.558354
   13.235237    0.000000  -14.558354
   16.176401    0.000000  -14.558354
    1.470582    2.941164  -14.558354
    4.411746    2.941164  -14.558354
    7.352910    2.941164  -14.558354
   10.294074    2.941164  -14.558354
   13.235237    2.941164  -14.558354
   16.176401    2.941164  -14.558354
    1.470582    5.882328  -14.558354
    4.411746    5.882328  -14.558354
    7.352910    5.882328  -14.558354
   10.294074    5.882328  -14.558354
   13.235237    5.882328  -14.558354
   16.176401    5.882328  -14.558354
    1.470582    8.823492  -14.558354
    4.411746    8.823492  -14.558354
    7.352910    8.823492  -14.558354
   10.294074    8.823492  -14.558354
   13.235237    8.823492  -14.558354
   16.176401    8.823492  -14.558354
    1.470582   11.764656  -14.558354
    4.411746   11.764656  -14.558354
    7.352910   11.764656  -14.558354
   10.294074   11.764656  -14.558354
   13.235237   11.764656  -14.558354
   16.176401   11.764656  -14.558354
    1.470582   14.705819  -14.558354
    4.411746   14.705819  -14.558354
    7.352910   14.705819  -14.558354
   10.294074   14.705819  -14.558354
   13.235237   14.705819  -14.558354
   16.176401   14.705819  -14.558354
    0.000000    1.470582  -16.638119
    2.941164    1.470582  -16.638119
    5.882328    1.470582  -16.638119
    8.823492    1.470582  -16.638119
   11.764656    1.470582  -16.638119
   14.705819    1.470582  -16.638119
    0.000000    4.411746  -16.638119
    2.941164    4.411746  -16.638119
    5.882328    4.411746  -16.638119
    8.823492    4.411746  -16.638119
   11.764656    4.411746  -16.638119
   14.705819    4.411746  -16.638119
    0.000000    7.352910  -16.638119
    2.941164    7.352910  -16.638119
    5.882328    7.352910  -16.638119
    8.823492    7.352910  -16.638119
   11.764656    7.352910  -16.638119
   14.705819    7.352910  -16.638119
    0.000000   10.294074  -16.638119
    2.941164   10.294074  -16.638119
    5.882328   10.294074  -16.638119
    8.823492   10.294074  -16.638119
   11.764656   10.294074  -16.638119
   14.705819   10.294074  -16.638119
    0.000000   13.235237  -16.638119
    2.941164   13.235237  -16.638119
    5.882328   13.235237  -16.638119
    8.823492   13.235237  -16.638119
   11.764656   13.235237  -16.638119
   14.705819   13.235237  -16.638119
    0.000000   16.176401  -16.638119
    2.941164   16.176401  -16.638119
    5.882328   16.176401  -16.638119
    8.823492   16.176401  -16.638119
   11.764656   16.176401  -16.638119
   14.705819   16.176401  -16.638119
    1.470582    0.000000  -18.717884
    4.411746    0.000000  -18.717884
    7.352910    0.000000  -18.717884
   10.294074    0.000000  -18.717884
   13.235237    0.000000  -18.717884
   16.176401    0.000000  -18.717884
    1.470582    2.941164  -18.717884
    4.411746    2.941164  -18.717884
    7.352910    2.941164  -18.717884
   10.294074    2.941164  -18.717884
   13.235237    2.941164  -18.717884
   16.176401    2.941164  -18.717884
    1.470582    5.882328  -18.717884
    4.411746    5.882328  -18.717884
    7.352910    5.882328  -18.717884
   10.294074    5.882328  -18.717884
   13.235237    5.882328  -18.717884
   16.176401    5.882328  -18.717884
    1.470582    8.823492  -18.717884
    4.411746    8.823492  -18.717884
    7.352910    8.823492  -18.717884
   10.294074    8.823492  -18.717884
   13.235237    8.823492  -18.717884
   16.176401    8.823492  -18.717884
    1.470582   11.764656  -18.717884
    4.411746   11.764656  -18.717884
    7.352910   11.764656  -18.717884
   10.294074   11.764656  -18.717884
   13.235237   11.764656  -18.717884
   16.176401   11.764656  -18.717884
    1.470582   14.705819  -18.717884
    4.411746   14.705819  -18.717884
    7.352910   14.705819  -18.717884
   10.294074   14.705819  -18.717884
   13.235237   14.705819  -18.717884
   16.176401   14.705819  -18.717884
    0.000000    1.470582  -20.797649
    2.941164    1.470582  -20.797649
    5.882328    1.470582  -20.797649
    8.823492    1.470582  -20.797649
   11.764656    1.470582  -20.797649
   14.705819    1.470582  -20.797649
    0.000000    4.411746  -20.797649
    2.941164    4.411746  -20.797649
    5.882328    4.411746  -20.797649
    8.823492    4.411746  -20.797649
   11.764656    4.411746  -20.797649
   14.705819    4.411746  -20.797649
    0.000000    7.352910  -20.797649
    2.941164    7.352910  -20.797649
    5.882328    7.352910  -20.797649
    8.823492    7.352910  -20.797649
   11.764656    7.352910  -20.797649
   14.705819    7.352910  -20.797649
    0.000000   10.294074  -20.797649
    2.941164   10.294074  -20.797649
    5.882328   10.294074  -20.797649
    8.823492   10.294074  -20.797649
   11.764656   10.294074  -20.797649
   14.705819   10.294074  -20.797649
    0.000000   13.235237  -20.797649
    2.941164   13.235237  -20.797649
    5.882328   13.235237  -20.797649
    8.823492   13.235237  -20.797649
   11.764656   13.235237  -20.797649
   14.705819   13.235237  -20.797649
    0.000000   16.176401  -20.797649
    2.941164   16.176401  -20.797649
    5.882328   16.176401  -20.797649
    8.823492   16.176401  -20.797649
   11.764656   16.176401  -20.797649
   14.705819   16.176401  -20.797649
    1.470582    0.000000  -22.877414
    4.411746    0.000000  -22.877414
    7.352910    0.000000  -22.877414
   10.294074    0.000000  -22.877414
   13.235237    0.000000  -22.877414
   16.176401    0.000000  -22.877414
    1.470582    2.941164  -22.877414
    4.411746    2.941164  -22.877414
    7.352910    2.941164  -22.877414
   10.294074    2.941164  -22.877414
   13.235237    2.941164  -22.877414
   16.176401    2.941164  -22.877414
    1.470582    5.882328  -22.877414
    4.411746    5.882328  -22.877414
    7.352910    5.882328  -22.877414
   10.294074    5.882328  -22.877414
   13.235237    5.882328  -22.877414
   16.176401    5.882328  -22.877414
    1.470582    8.823492  -22.877414
    4.411746    8.823492  -22.877414
    7.352910    8.823492  -22.877414
   10.294074    8.823492  -22.877414
   13.235237    8.823492  -22.877414
   16.176401    8.823492  -22.877414
    1.470582   11.764656  -22.877414
    4.411746   11.764656  -22.877414
    7.352910   11.764656  -22.877414
   10.294074   11.764656  -22.877414
   13.235237   11.764656  -22.877414
   16.176401   11.764656  -22.877414
    1.470582   14.705819  -22.877414
    4.411746   14.705819  -22.877414
    7.352910   14.705819  -22.877414
   10.294074   14.705819  -22.877414
   13.235237   14.705819  -22.877414
   16.176401   14.705819  -22.877414
