18.844907 784.591925
18.895418 786.133304
18.697833 787.543957
18.732739 788.814084
18.598206 789.937779
18.455132 790.900508
18.220904 791.682790
18.218282 792.270194
18.042770 792.652771
18.258536 792.826922
18.385097 792.794290
18.261756 792.559046
18.290353 792.121805
18.230585 791.484900
18.243176 790.660660
18.570675 789.663572
18.407359 788.505926
18.479913 787.205729
18.386121 785.784408
18.449371 784.263370
18.834360 782.670946
19.057496 781.041956
19.199439 779.399887
19.343710 777.761713
19.167922 776.142377
19.318344 774.551243
18.830576 772.995453
18.830489 771.476872
18.917282 770.000414
18.605139 768.580025
18.538969 767.230562
18.479514 765.970294
18.588122 764.821914
18.461975 763.802590
18.020786 762.917993
17.908959 762.170416
17.644894 761.560786
17.388702 761.088814
17.787584 760.760994
17.713318 760.584015
17.405216 760.564789
17.427757 760.710152
17.458228 761.024750
17.496646 761.509435
17.381927 762.161768
17.596778 762.977293
17.338003 763.952222
17.328255 765.077570
17.486327 766.342436
17.570568 767.740680
17.740183 769.264075
17.835901 770.895114
17.859512 772.617424
17.887937 774.419394
18.082855 776.287084
18.119391 778.204228
18.318378 780.156534
18.276638 782.133689
17.991538 784.119300
18.188183 786.093297
18.543498 788.034850
18.653211 789.922214
19.000603 791.736802
19.021976 793.462016
19.117307 795.081516
19.125044 796.578699
19.448157 797.941501
19.521310 799.162056
19.906100 800.228956
20.685415 801.136141
20.970516 801.880311
21.002341 802.456165
21.023288 802.859483
20.788903 803.081356
20.705476 803.101294
21.010947 802.907459
20.820540 802.498450
21.019370 801.871925
20.640715 801.030216
20.814909 799.978718
20.655812 798.722933
20.242640 797.269068
19.817702 795.622817
19.703839 793.790929
19.659274 791.785822
19.123392 789.620234
18.580325 787.304556
18.354381 784.852675
18.607036 782.285795
18.857289 779.633980
19.108018 776.939048
18.633578 774.238680
18.722050 771.560662
18.570659 768.934665
18.422190 766.385617
18.037722 763.928212
17.659168 761.573632
17.608792 759.335321
17.567084 757.234840
17.454637 755.297696
17.675706 753.543387
17.101569 751.985553
16.941156 750.634173
17.032978 749.496730
16.653690 748.576307
16.448718 747.870013
16.335553 747.373586
16.153023 747.080254
16.302823 746.981147
16.302011 747.066094
16.148896 747.321997
16.245661 747.734552
17.159103 748.298415
17.275764 749.012312
17.317123 749.863311
17.604331 750.828256
17.494450 751.887125
17.790444 753.022058
17.523643 754.211090
17.661115 755.431265
17.556180 756.661778
17.692367 757.886433
18.310291 759.094206
18.200584 760.277501
18.490466 761.424679
18.534295 762.522846
18.652551 763.561024
18.847050 764.527267
18.793011 765.409639
18.974859 766.198447
18.827932 766.884224
18.916142 767.458604
19.157736 767.914112
19.148082 768.244375
18.889039 768.437793
19.266512 768.483615
18.670668 768.373280
18.874155 768.096219
18.987426 767.652620
18.850028 767.047987
18.704219 766.283259
18.468195 765.355401
17.903352 764.261806
17.813321 763.003134
17.956802 761.586409
17.852929 760.024832
17.663586 758.326069
17.629966 756.494974
17.511278 754.543108
17.309318 752.484874
17.345879 750.339644
17.300151 748.129828
16.932167 745.877917
16.965329 743.605523
16.757897 741.337654
16.634746 739.108996
16.514250 736.951263
16.722585 734.890041
16.455737 732.951851
16.118507 731.153567
16.195842 729.515452
16.526903 728.066242
17.113917 726.833675
17.069555 725.847065
16.638247 725.131507
16.464934 724.704358
16.548056 724.575442
16.168079 724.745769
16.209879 725.219487
16.267418 726.004844
15.938965 727.101639
16.272655 728.501381
16.539522 730.195917
16.659821 732.179358
16.873650 734.440577
17.019448 736.964542
17.339027 739.732389
17.830677 742.724035
17.929038 745.915707
18.034155 749.277040
18.064799 752.778103
18.099086 756.388353
18.136036 760.074851
18.172055 763.804994
18.447158 767.545400
19.042475 771.265898
19.230942 774.939539
19.574266 778.543992
19.669694 782.057590
19.596290 785.452381
19.755285 788.696215
19.902702 791.763412
20.199938 794.638365
20.244517 797.302721
19.874609 799.734947
20.136630 801.911977
19.983959 803.813327
20.221855 805.427134
20.447967 806.751596
19.934445 807.789631
19.890675 808.538319
19.833594 808.993777
19.280712 809.150583
19.357906 809.006330
19.099813 808.563617
19.878285 807.835964
19.762456 806.847845
19.158583 805.612154
18.790829 804.132219
18.657255 802.428130
18.435089 800.530056
18.127224 798.457895
18.136284 796.231364
18.144461 793.876971
18.472808 791.426449
18.639960 788.906416
18.725099 786.339199
18.647579 783.744966
18.569433 781.141652
18.733455 778.551199
18.736989 775.996855
18.660255 773.496291
18.663712 771.057171
18.587017 768.683303
18.510863 766.380364
18.433967 764.153369
18.518740 762.007192
18.444519 759.945060
18.372667 757.966219
18.059174 756.072754
17.667319 754.264698
17.517601 752.538771
17.772839 750.896848
17.467137 749.341873
17.245084 747.878269
17.429030 746.517956
16.811752 745.274751
16.278902 744.152797
16.313082 743.153126
16.269161 742.280840
15.907907 741.538300
15.794174 740.924786
15.606172 740.442140
15.504634 740.089260
15.330500 739.862237
15.323461 739.759696
15.728425 739.780528
15.576666 739.929591
15.512110 740.210790
15.455350 740.618971
15.809772 741.152433
15.848078 741.814611
15.568913 742.604993
15.456154 743.517327
15.751779 744.546907
15.811252 745.689843
16.116145 746.938899
16.023695 748.282633
16.097245 749.708529
16.416466 751.208010
16.579121 752.780236
16.421329 754.427466
16.345755 756.144003
16.674588 757.923199
17.082861 759.759402
16.928173 761.641001
17.418185 763.558374
17.424555 765.500632
17.511786 767.447949
17.595248 769.382007
17.918639 771.293940
17.917210 773.175915
18.234254 775.019016
18.387334 776.818766
18.778849 778.565577
19.085329 780.251575
19.065725 781.877988
18.718604 783.439479
19.331439 784.927358
19.374739 786.340961
19.169883 787.681039
19.118069 788.944005
18.900527 790.118929
18.757832 791.200752
18.691537 792.190805
18.941483 793.091921
18.943504 793.910350
18.858679 794.651021
18.204256 795.317531
18.190286 795.910294
18.251168 796.428728
18.386709 796.874842
18.035187 797.253122
17.923677 797.567960
17.890066 797.822620
17.933858 798.019290
17.894899 798.158634
18.096086 798.244373
18.055293 798.280717
18.255121 798.266964
18.130312 798.200675
18.408008 798.081555
18.604695 797.917176
18.559400 797.712457
18.594081 797.461004
18.467311 797.154202
18.660067 796.785338
19.011745 796.353137
18.959120 795.858152
18.986101 795.300984
19.416816 794.688799
19.203809 794.031367
19.231904 793.334806
18.856777 792.595964
18.722321 791.807987
18.587126 790.979597
18.449829 790.123583
18.311482 789.242929
18.734380 788.344283
18.836300 787.445074
18.535347 786.560075
18.155581 785.689252
18.343000 784.836576
18.451307 784.015606
18.399933 783.237268
18.190645 782.507063
17.902965 781.826750
17.860147 781.199841
18.223805 780.633222
18.268122 780.135944
18.155715 779.711253
18.208281 779.357933
18.102132 779.076901
18.161732 778.867626
18.307883 778.728489
18.217901 778.659172
18.374567 778.658646
18.860404 778.727276
18.788454 778.866999
18.802206 779.069714
18.417354 779.319901
18.357559 779.602329
18.380206 779.900651
18.564883 780.200395
18.590279 780.485954
19.101472 780.747712
19.047111 780.978352
18.750395 781.158843
19.096997 781.269495
19.119619 781.300697
19.138298 781.241224
19.314097 781.077031
19.483302 780.803210
19.645383 780.418227
19.880191 779.922041
19.866517 779.315246
19.927268 778.604312
20.225670 777.804244
19.795511 776.924103
19.842038 775.969958
19.802835 774.958106
19.680290 773.911588
19.312993 772.847127
19.426204 771.783453
19.536916 770.747783
19.162504 769.763178
19.273799 768.849847
19.307409 768.031516
19.426920 767.332311
19.228946 766.772381
19.035578 766.365138
18.767690 766.115993
18.506391 766.033683
18.335020 766.126370
18.252886 766.393837
18.097940 766.830315
18.270924 767.426560
18.127852 768.171285
18.555667 769.048235
18.425703 770.042633
18.621739 771.142385
18.418788 772.331940
18.380358 773.589148
18.825846 774.892035
19.190937 776.226473
19.315959 777.577332
19.198850 778.925490
19.158843 780.253320
19.275367 781.546525
19.065546 782.791800
18.611165 783.964739
18.553859 785.043480
18.812873 786.019383
18.663517 786.884962
18.913254 787.635386
18.594699 788.266183
18.589852 788.774262
18.900397 789.165057
19.206500 789.447398
19.183900 789.629958
19.636709 789.720456
19.198876 789.724375
19.320562 789.645597
19.761047 789.492513
19.716559 789.285808
19.507561 789.044972
19.459345 788.780067
19.329905 788.495370
19.282189 788.192667
18.994177 787.871026
18.547428 787.525981
18.908054 787.159178
18.950583 786.778391
19.560074 786.395750
19.609876 786.035522
19.583049 785.725125
19.317201 785.479395
19.216326 785.302714
19.121679 785.197874
19.192030 785.168485
19.187349 785.218118
18.944934 785.348296
18.625504 785.555350
18.229299 785.828085
18.078891 786.146169
17.931385 786.490740
17.464416 786.848673
17.724213 787.210532
17.746185 787.568627
18.089793 787.913261
18.352583 788.234937
18.052969 788.521769
18.476724 788.761964
18.577530 788.950409
19.078487 789.088632
18.771046 789.176415
18.621468 789.202547
18.708712 789.154504
18.390304 789.024547
18.068697 788.802688
18.064759 788.480666
18.216950 788.057049
18.204451 787.535324
18.025778 786.921478
18.166617 786.219769
18.143706 785.434106
18.034912 784.569852
17.923507 783.630893
18.212762 782.623192
18.338643 781.562927
18.060711 780.468604
18.264898 779.347862
18.388560 778.208705
18.352174 777.065637
18.156042 775.932803
18.040447 774.823292
18.167313 773.749269
18.054756 772.722437
18.025586 771.749581
17.918612 770.834624
17.654092 769.981109
17.476601 769.192708
17.547290 768.479933
17.380237 767.853510
17.380238 767.319598
17.145183 766.882245
17.562185 766.549284
17.664264 766.331056
17.370422 766.228628
17.326017 766.235505
17.205892 766.345453
17.251534 766.553896
17.059752 766.854794
17.275344 767.245392
17.174063 767.722089
17.398350 768.275525
17.463734 768.898071
17.609831 769.579890
18.001040 770.310950
18.072046 771.083896
18.063894 771.884221
18.054020 772.692877
17.882310 773.488412
17.869334 774.244676
17.852514 774.938571
18.073536 775.555126
18.212239 776.080307
18.189061 776.495576
17.999514 776.780611
18.530524 776.918947
18.652470 776.905836
18.604947 776.739147
18.790447 776.414642
18.726051 775.931523
18.892166 775.288624
19.209074 774.485485
19.272760 773.523421
19.244459 772.401069
19.285106 771.115420
19.312893 769.663364
19.088767 768.044519
19.014044 766.260000
19.009093 764.312013
18.590782 762.204348
18.644406 759.939731
18.288528 757.520095
18.247292 754.944183
18.197556 752.218328
17.901350 749.359095
18.084540 746.391783
17.700865 743.347463
17.637943 740.250224
17.250740 737.124000
16.539321 733.993056
16.471599 730.879437
16.406385 727.812846
16.425118 724.827530
16.125422 721.954266
15.993489 719.221149
15.948269 716.654406
15.830670 714.276732
15.882654 712.107704
15.702287 710.167144
15.049814 708.471253
15.456944 707.030912
15.392723 705.858736
15.258812 704.964101
15.297141 704.352173
15.348942 704.028830
15.253200 703.996555
15.090217 704.251034
15.020136 704.783746
14.881874 705.584826
14.915606 706.644691
15.041964 707.953542
15.341585 709.505054
15.248864 711.294085
15.246790 713.308263
15.496204 715.532492
15.673343 717.945902
15.778957 720.525668
16.295259 723.254409
16.414308 726.114914
16.782502 729.086484
16.673483 732.147396
16.892070 735.273796
16.955483 738.448149
17.264632 741.655736
17.336711 744.880117
17.894367 748.104878
18.291841 751.312464
18.606946 754.487404
18.920736 757.616926
18.752100 760.693322
18.903680 763.706458
18.891305 766.642955
19.200625 769.493973
19.424744 772.256083
19.482254 774.923089
19.536348 777.489219
19.506283 779.950554
19.470585 782.296329
19.429664 784.512843
19.465339 786.585165
19.415505 788.498495
19.520656 790.239222
19.858393 791.800433
20.189129 793.185033
20.352651 794.398516
20.348354 795.441165
20.497514 796.314431
20.556099 797.025686
20.604573 797.577256
21.049573 797.973278
20.842967 798.217523
20.949242 798.310514
21.046499 798.256894
20.813968 798.060807
20.732525 797.724324
20.722149 797.251158
20.620507 796.648895
20.026956 795.921839
20.069307 795.067853
19.862901 794.086455
19.971616 792.984810
19.509985 791.778002
19.203812 790.476691
19.213078 789.088490
19.057103 787.629635
19.139760 786.122694
18.978439 784.584329
18.815534 783.028188
18.652238 781.470241
18.408720 779.926126
18.246423 778.411726
18.007897 776.941840
17.853398 775.527708
17.783879 774.178345
17.559647 772.906494
17.260201 771.724576
17.209449 770.631017
17.246520 769.616875
17.209051 768.684722
17.420204 767.843026
17.396943 767.098030
17.622143 766.458076
17.694227 765.930077
17.451501 765.518155
17.296524 765.223494
17.630457 765.044910
17.807764 764.982009
17.265958 765.029016
17.452700 765.177411
17.644701 765.420909
17.274891 765.752379
17.471155 766.161927
17.266716 766.636429
16.984010 767.155857
17.022373 767.699920
17.220278 768.258768
17.013187 768.823594
16.965277 769.377742
16.751600 769.901789
16.696491 770.380410
16.397328 770.800854
16.255452 771.144067
16.512267 771.394823
16.200483 771.550772
16.043126 771.609997
16.041120 771.568833
15.952402 771.423912
15.695319 771.172259
15.675591 770.808979
15.570031 770.328314
15.538150 769.727213
15.579723 769.007050
15.857995 768.175060
15.647261 767.240221
15.592748 766.210793
15.616940 765.090885
15.718139 763.885452
15.415905 762.599834
14.870780 761.239780
14.966262 759.815609
14.656342 758.334425
14.506455 756.802177
14.599653 755.235947
14.773978 753.655648
14.465379 752.075286
14.237942 750.506627
14.254560 748.958396
14.433217 747.440161
14.612831 745.963369
14.069442 744.535826
14.172940 743.159372
14.278674 741.840888
14.387151 740.594218
14.256767 739.427656
14.450537 738.344880
14.004899 737.349389
14.128650 736.439697
14.098048 735.619260
14.316243 734.893449
14.058082 734.261272
14.290220 733.722365
14.285948 733.278289
14.365612 732.929916
14.289978 732.677799
13.898838 732.522697
13.754493 732.464801
13.859113 732.504735
13.889444 732.645314
14.085963 732.894992
14.449757 733.262157
14.336704 733.749533
14.229134 734.356184
13.886676 735.078938
14.114590 735.912846
14.590126 736.855759
14.670857 737.908044
14.839624 739.070373
14.930991 740.338553
14.784530 741.702522
14.801709 743.149891
14.903432 744.669712
15.492744 746.254041
15.442262 747.900897
15.072866 749.602494
15.349513 751.345876
15.545172 753.125575
15.418356 754.932126
15.453815 756.750077
15.407923 758.566952
15.849480 760.373803
16.370054 762.163844
16.325132 763.932152
16.598561 765.673859
16.708868 767.380317
16.734918 769.040072
16.434786 770.640492
16.131292 772.166609
16.386511 773.607215
16.636216 774.958342
16.557324 776.212354
16.634590 777.359535
16.867487 778.395842
17.093875 779.319662
17.313400 780.124896
17.284108 780.803360
17.247994 781.349849
17.527120 781.758131
17.717226 782.026163
17.657852 782.156026
17.671335 782.148505
17.998717 782.006094
18.235931 781.734990
18.465628 781.344125
18.687053 780.843561
18.578166 780.238445
18.380953 779.530655
18.579261 778.724150
19.173706 777.825397
18.875381 776.839719
18.892342 775.771203
18.500405 774.621287
18.666853 773.393564
18.910425 772.101915
18.746435 770.758626
18.094081 769.364970
17.840334 767.916840
17.904037 766.420099
17.240153 764.879933
17.135961 763.293090
16.706247 761.661731
16.517086 759.994199
16.328521 758.305119
16.221194 756.610329
16.114515 754.924503
16.169464 753.264017
16.308409 751.648929
16.209737 750.102242
16.437992 748.648212
16.349527 747.310628
16.024693 746.106889
16.432535 745.053188
16.526110 744.171259
16.628313 743.480912
16.658478 742.996378
16.860593 742.729193
16.749776 742.687012
16.809387 742.871274
16.716710 743.281652
17.118708 743.919467
17.046676 744.779585
16.904734 745.847995
16.851721 747.108217
16.644414 748.542466
16.525317 750.128388
16.173848 751.836492
15.987741 753.635103
16.126269 755.497451
16.185013 757.401482
16.245576 759.326658
16.306550 761.255232
16.123527 763.168652
16.099977 765.044559
16.235415 766.862271
16.284936 768.607502
16.409029 770.267631
16.365731 771.827860
16.638263 773.276104
16.822715 774.602781
16.759371 775.799413
16.929242 776.858482
17.252693 777.776879
17.328740 778.554016
17.318763 779.187069
17.462077 779.676466
17.276084 780.026537
17.325627 780.239646
17.694109 780.317703
17.414712 780.268018
17.531743 780.098389
17.805407 779.813857
17.996889 779.420248
18.668785 778.926976
18.373647 778.345832
18.477288 777.685267
18.498179 776.949626
18.436583 776.147835
18.291721 775.285159
18.465792 774.359425
18.640678 773.373944
18.412958 772.333339
18.506173 771.243546
18.519805 770.113944
18.372777 768.950073
18.469569 767.752929
18.726919 766.524855
18.823700 765.276191
18.840280 764.019453
18.937599 762.762906
18.874481 761.513763
19.136197 760.279027
18.999523 759.072591
19.188648 757.913387
19.059461 756.816569
18.692398 755.793183
18.571809 754.848028
18.617140 753.987381
18.344067 753.222603
18.477676 752.562299
18.617204 752.018590
18.523086 751.607952
18.276999 751.335015
17.958446 751.194569
18.370421 751.185183
18.467282 751.308985
18.491644 751.566210
18.120655 751.953556
18.076979 752.469324
18.199767 753.114344
18.248159 753.884457
18.219971 754.770510
18.597723 755.765924
18.818274 756.867373
19.284655 758.070304
19.273132 759.372585
19.425193 760.769945
19.176381 762.248617
19.491524 763.794796
19.323193 765.396808
19.636691 767.041797
19.547415 768.717797
19.699685 770.410625
19.687091 772.104362
19.509871 773.781432
19.811354 775.422273
19.867837 777.014510
19.677879 778.545910
19.563417 780.002191
19.683698 781.370368
20.040026 782.634884
20.067073 783.787798
20.006654 784.824776
19.697741 785.739172
19.621667 786.526924
19.618162 787.186214
19.525237 787.712957
19.264237 788.101051
19.398372 788.343558
19.850040 788.441841
20.213940 788.406259
20.005639 788.239117
19.792291 787.936791
19.816695 787.498011
20.158160 786.920849
20.171599 786.201511
20.019290 785.334422
19.783650 784.318322
20.108431 783.162263
20.027495 781.883323
19.861330 780.495537
20.092419 779.007452
20.239385 777.429270
20.220725 775.770314
20.034280 774.039130
19.680544 772.242742
19.482149 770.389485
19.278684 768.488807
18.830386 766.546518
18.704900 764.563931
18.338141 762.543524
17.890016 760.495217
18.004891 758.438282
17.797944 756.393400
17.675833 754.382068
17.558091 752.428552
17.205076 750.548765
17.018609 748.756468
17.240939 747.070346
17.309829 745.513720
17.386974 744.111407
17.714892 742.886029
17.733246 741.860960
17.363494 741.055890
17.570861 740.483301
17.711373 740.157755
18.108290 740.098704
18.198225 740.319925
18.062491 740.825307
18.021780 741.608152
17.432087 742.655150
17.501264 743.949048
17.661956 745.472147
17.751533 747.207920
18.092099 749.137011
18.521190 751.237338
18.795157 753.484234
18.913963 755.853861
19.036735 758.323624
19.243086 760.867769
19.370388 763.458071
19.738462 766.065120
19.541421 768.655062
19.500822 771.193768
19.535817 773.655262
19.482351 776.014516
19.582573 778.246045
19.351262 780.326882
19.111683 782.226871
19.427104 783.919294
19.489882 785.393746
19.783239 786.648121
19.824299 787.682128
19.934607 788.497340
20.355519 789.098856
20.364083 789.498274
20.524897 789.700675
20.514972 789.710632
20.495639 789.537916
20.548146 789.192248
20.914255 788.689096
20.627937 788.047665
20.897914 787.285715
20.602147 786.406359
20.865381 785.413573
20.640240 784.320789
20.652922 783.142454
20.340035 781.897628
20.186464 780.603072
20.113834 779.271106
19.799809 777.914974
19.650210 776.553574
19.987273 775.212808
20.086889 773.919142
20.593004 772.695457
20.701953 771.563030
20.416303 770.531557
20.618900 769.604586
20.423787 768.784669
20.474451 768.073496
20.127266 767.473826
20.107013 766.981489
20.010510 766.587707
20.562803 766.286994
20.635768 766.077325
20.550900 765.948207
19.988737 765.871640
20.075813 765.821052
19.922182 765.781873
19.929897 765.738403
19.777693 765.675890
19.544503 765.583209
19.470546 765.450230
19.556884 765.267460
19.720908 765.030928
19.639734 764.739233
20.361395 764.392811
20.354479 763.994809
20.342457 763.546348
20.405401 763.047891
20.304989 762.504896
20.282119 761.921769
20.256244 761.302082
20.066486 760.653370
20.036672 759.980880
19.682805 759.291370
19.973231 758.595573
19.779497 757.903811
19.748740 757.223394
19.879537 756.563516
19.770650 755.935641
19.342959 755.346530
19.321439 754.803676
19.221509 754.319293
19.205529 753.900463
19.353654 753.553828
19.343612 753.289225
19.094553 753.112690
19.012127 753.022845
19.096373 753.015780
19.428455 753.088841
19.847308 753.242508
19.627480 753.478465
19.249949 753.793262
18.797122 754.179597
18.670614 754.630514
18.870041 755.144935
18.589803 755.726566
18.474390 756.373077
18.524060 757.069915
18.495057 757.806588
18.225743 758.578805
18.198688 759.379541
18.173009 760.203106
18.067010 761.043002
17.880968 761.888540
17.938945 762.729163
17.997716 763.557242
18.054270 764.370133
18.108722 765.169910
18.485357 765.955746
18.619774 766.728058
18.752262 767.491846
18.560454 768.250115
18.126972 768.997443
18.175564 769.726374
18.304850 770.438470
18.352649 771.136741
18.238945 771.821951
18.446763 772.495998
18.250552 773.163378
18.375206 773.828425
18.739943 774.495816
18.781083 775.172306
19.063745 775.859997
19.507039 776.556452
19.465414 777.263065
19.502473 777.979902
19.618142 778.700148
19.490423 779.415473
19.439425 780.116306
19.545723 780.794217
19.729839 781.442520
19.912547 782.057684
19.849398 782.637079
19.944549 783.174412
20.200689 783.673590
20.452057 784.141369
20.377256 784.575758
20.381213 784.971145
20.303999 785.324788
20.465433 785.639655
20.464377 785.921184
20.383192 786.174393
20.464219 786.406298
20.627555 786.631695
20.471987 786.863156
20.400347 787.109284
20.170371 787.378089
20.508955 787.681764
20.934367 788.033862
21.123011 788.444323
21.155749 788.923571
21.112385 789.480709
20.991985 790.119494
21.520118 790.839172
21.488957 791.636914
21.380477 792.506210
21.034460 793.433484
21.013248 794.397098
21.234596 795.375502
21.455694 796.352431
21.111872 797.309183
20.928454 798.212488
21.063601 799.025639
21.516393 799.726321
21.400209 800.297646
21.276193 800.720120
21.304134 800.973739
21.241004 801.040248
21.007342 800.897925
20.762771 800.530605
21.151290 799.935614
21.046191 799.115786
20.928562 798.072552
20.958725 796.805272
20.574040 795.317406
20.982248 793.615750
20.896453 791.708711
20.478081 789.607776
20.291247 787.326714
20.175264 784.880138
19.811106 782.280503
19.680909 779.542506
19.384321 776.693975
19.327703 773.763049
19.189044 770.777826
19.212833 767.778188
18.995341 764.806211
18.620359 761.892067
18.250359 759.056264
18.207033 756.320801
17.926675 753.707879
17.894691 751.241525
17.550056 748.940945
17.213223 746.818614
16.804439 744.887906
16.647563 743.159820
16.742299 741.641919
16.929206 740.340761
17.049034 739.267644
17.099955 738.430044
16.842429 737.824807
16.514368 737.444581
16.438953 737.279563
16.536725 737.320743
16.245051 737.553021
16.207223 737.960483
16.017724 738.531660
15.915645 739.256556
15.981914 740.127106
15.975672 741.135151
16.297557 742.272735
16.382201 743.531300
16.391939 744.905821
16.245313 746.393532
16.264930 747.985146
16.608500 749.668058
17.034675 751.434406
17.061518 753.273337
17.091582 755.167989
17.202872 757.104059
17.636477 759.074751
17.425511 761.072841
17.455207 763.084686
17.887494 765.093919
18.318795 767.091451
18.266027 769.069980
17.890443 771.011068
18.236601 772.894813
18.658659 774.708386
18.754812 776.441903
18.927965 778.088253
19.016219 779.634702
19.100061 781.064337
18.940452 782.367580
19.178181 783.539706
19.247172 784.577841
19.471204 785.474855
19.366399 786.220596
19.093969 786.808155
19.218096 787.232517
19.335895 787.502026
19.366213 787.635548
19.309704 787.648188
19.247762 787.554858
19.021619 787.370189
19.115801 787.108593
19.367351 786.790933
19.212347 786.441340
19.215634 786.077370
19.055454 785.712670
18.973754 785.359876
18.489343 785.025404
18.569824 784.711172
18.893074 784.424966
18.894919 784.177943
18.736377 783.976394
18.418777 783.816592
18.505512 783.690658
18.592594 783.595574
18.439188 783.527304
18.288441 783.468126
18.300421 783.401653
18.230388 783.320541
18.318871 783.214676
18.163472 783.074078
18.085063 782.887379
17.680153 782.642110
17.030992 782.321000
16.940645 781.904582
16.682437 781.380334
16.256354 780.736747
16.147155 779.959650
16.434432 779.041983
16.876914 777.988867
17.150947 776.809424
17.177268 775.512598
17.118010 774.102577
16.973302 772.579617
16.664751 770.947522
16.271525 769.210035
15.956442 767.369214
16.039411 765.433642
15.797729 763.416273
16.037869 761.331561
15.875358 759.198938
15.873318 757.041335
16.032273 754.883407
16.031331 752.753579
16.033812 750.678785
16.039900 748.680727
15.969332 746.780269
15.983994 744.994754
16.165962 743.338028
16.031660 741.826274
15.904870 740.475625
16.349575 739.298409
16.317886 738.307603
16.616593 737.514086
16.279501 736.922852
16.677821 736.536390
16.440480 736.354697
16.372705 736.374031
16.554643 736.589243
16.423262 736.994197
16.461073 737.581722
16.344812 738.344085
16.316182 739.268085
16.292492 740.337804
16.032241 741.536128
16.177482 742.846371
16.406565 744.260577
16.317793 745.768963
16.311802 747.351126
16.306967 748.987905
16.302373 750.662146
16.458943 752.354821
16.454649 754.044707
16.207483 755.710237
16.440623 757.328985
16.832687 758.879778
16.738521 760.349949
16.558644 761.726482
16.694604 762.995978
17.067056 764.150328
17.189875 765.183580
17.064978 766.087879
17.013169 766.852296
16.712221 767.465159
16.645900 767.918049
16.894531 768.211728
17.135065 768.350280
17.369268 768.335143
17.354760 768.169602
17.494385 767.859673
17.788226 767.413537
17.351489 766.834429
17.311125 766.121839
17.589925 765.287749
17.784247 764.350871
17.814557 763.328785
17.761482 762.231973
17.866586 761.065244
17.886741 759.843367
17.983504 758.584617
18.078056 757.304581
17.768987 756.017451
17.861251 754.738102
17.874474 753.481810
17.730735 752.259952
17.347653 751.082228
17.207786 749.958128
17.149511 748.899370
17.173755 747.918936
16.960410 747.026327
16.753565 746.225353
17.114625 745.524079
16.997619 744.936837
16.806853 744.473046
17.023992 744.140944
17.329250 743.950693
17.318603 743.911155
16.912798 744.024086
16.755385 744.285984
16.764826 744.692568
16.780326 745.238983
17.042875 745.922128
17.310208 746.735571
16.940970 747.660792
17.218509 748.672202
17.176504 749.752404
17.216296 750.885114
17.338263 752.049642
17.782127 753.229964
17.740544 754.417826
18.019375 755.605167
18.216146 756.783787
18.248441 757.941754
18.598264 759.064005
18.783045 760.142191
19.204285 761.171312
18.658585 762.149073
18.431874 763.069616
18.363084 763.924659
18.129730 764.710417
17.652013 765.424587
17.654199 766.068151
17.652179 766.642148
17.888075 767.146195
17.880790 767.584417
17.710073 767.957299
17.537228 768.261139
17.521990 768.496487
17.665568 768.671287
17.566428 768.793795
17.224692 768.860941
17.121691 768.864753
17.095544 768.803486
17.309548 768.680836
17.520958 768.502819
17.408910 768.278032
17.295029 768.013134
17.583581 767.714415
17.468789 767.394203
17.434823 767.064831
17.321767 766.733480
17.610664 766.407565
17.012604 766.095262
17.140725 765.803914
17.511445 765.539962
17.643408 765.311919
17.858779 765.130598
17.593169 765.003726
17.249800 764.931940
17.071281 764.909135
16.897940 764.928193
16.406433 764.985807
16.563030 765.078917
16.480383 765.202355
16.481289 765.356229
16.404793 765.542766
16.251014 765.760705
16.181269 766.010311
16.113683 766.292726
16.209216 766.607952
16.308826 766.960155
16.331997 767.355880
16.041726 767.796452
15.998477 768.283830
16.121251 768.828906
16.250632 769.450546
15.581941 770.163109
15.485070 770.970597
15.395869 771.876817
15.716778 772.886278
16.044187 774.007004
15.974949 775.246679
15.911930 776.607658
16.018595 778.091291
16.456460 779.701500
16.501267 781.443409
16.874953 783.316227
17.174454 785.314721
17.399141 787.428520
17.707284 789.643343
17.775986 791.945804
17.604712 794.317956
17.999783 796.737093
18.558255 799.183243
18.713935 801.636844
18.949929 804.073762
19.184676 806.470738
19.415157 808.802948
19.721068 811.039741
19.696793 813.152558
19.985372 815.118079
20.183974 816.918321
20.530545 818.534859
20.701738 819.946358
20.697123 821.132992
20.596880 822.068258
20.479653 822.721964
20.747327 823.075819
20.755188 823.120162
20.744286 822.846596
20.877326 822.244604
20.509274 821.304837
20.607140 820.022739
20.364401 818.395652
20.185972 816.425793
20.151184 814.116524
19.936920 811.471699
20.109185 808.509084
19.621175 805.247386
19.359460 801.697790
19.405623 797.880818
18.956158 793.828951
18.899103 789.572608
18.672339 785.139755
18.196948 780.565112
17.877198 775.885363
17.874981 771.139525
18.272475 766.368381
17.944829 761.610312
17.942011 756.901475
17.541337 752.278859
17.468385 747.776374
17.080674 743.422463
16.942295 739.238974
16.651907 735.245073
16.451437 731.460079
16.021276 727.901423
15.927222 724.584971
15.767488 721.528395
15.864826 718.748500
15.494785 716.256580
15.543703 714.062880
15.448666 712.181024
15.693531 710.625603
15.472252 709.406316
15.430146 708.529428
15.246160 708.000212
15.324895 707.822015
15.504223 707.996191
15.944795 708.526438
15.600531 709.419017
15.999088 710.674853
16.335328 712.289186
16.287786 714.257610
16.500869 716.573916
16.889270 719.226434
17.050215 722.196698
16.661649 725.457814
16.689756 728.976803
16.972861 732.726942
17.346455 736.685859
17.244801 740.825145
17.069554 745.111323
16.978965 749.508649
17.375005 753.980346
17.609962 758.492293
17.922985 763.014422
18.314723 767.517228
18.704141 771.971328
18.847822 776.347308
19.386613 780.617343
19.352490 784.754911
19.470321 788.731442
19.656321 792.519086
19.830143 796.093314
19.349217 799.427353
19.499641 802.495746
19.878419 805.276825
19.920801 807.752372
19.384692 809.905621
19.638126 811.718301
19.713282 813.176521
19.849790 814.268930
20.130717 814.991578
20.232711 815.354073
20.233482 815.365793
20.378114 815.035712
20.343413 814.374720
20.048537 813.390578
19.977404 812.092006
20.372798 810.493556
20.432024 808.615780
20.477836 806.483982
20.429571 804.132420
19.806116 801.590893
19.896602 798.883202
19.574678 796.039564
19.005744 793.089424
18.673574 790.055276
18.578659 786.962997
18.160561 783.844135
17.504322 780.724223
17.415203 777.627698
17.570129 774.586693
17.568266 771.634918
17.569852 768.800554
16.774233 766.096360
16.872747 763.529185
16.979096 761.116124
16.771231 758.865384
16.651999 756.773410
16.299552 754.835575
16.358645 753.047275
16.186229 751.406632
16.507745 749.915510
16.274138 748.578876
16.450895 747.399251
16.392024 746.375872
16.824523 745.505665
16.941877 744.786715
17.307259 744.217909
17.599911 743.801308
17.496715 743.541794
17.642483 743.439336
18.116877 743.490853
18.034426 743.692374
18.279454 744.039897
18.207239 744.529066
18.058205 745.149307
17.914105 745.878933
17.773262 746.693695
18.038406 747.583527
17.984844 748.540843
18.012790 749.553233
18.607765 750.615707
18.640471 751.728223
18.512107 752.885277
18.626123 754.076593
18.981118 755.297270
19.013344 756.545863
18.965077 757.818421
18.833704 759.108367
18.700878 760.404993
18.728556 761.697480
18.594093 762.978153
18.699590 764.240790
18.401467 765.475243
18.179910 766.670208
18.197446 767.814380
18.696380 768.902207
18.870752 769.936439
19.124105 770.916767
19.052436 771.840232
19.140254 772.704877
19.708974 773.511364
19.631211 774.258037
19.553179 774.941948
19.073874 775.564205
18.996293 776.130610
18.834353 776.647975
18.671015 777.119897
18.588039 777.548326
18.341287 777.936421
18.336544 778.291203
18.009721 778.617568
18.248612 778.914795
18.085886 779.182488
18.327020 779.421921
18.652102 779.638336
18.898123 779.838431
18.660977 780.022054
18.665945 780.179343
18.832290 780.297594
19.161667 780.372175
19.009699 780.403682
19.018543 780.386510
18.544198 780.311082
18.471032 780.168032
18.638875 779.955034
18.402834 779.675906
18.403783 779.325164
18.318545 778.890471
18.551258 778.364554
18.941531 777.748220
19.325783 777.042823
19.302101 776.251340
18.870651 775.374382
18.674262 774.403922
18.631765 773.338525
18.340823 772.179325
18.283306 770.924173
18.298867 769.574827
18.308883 768.141119
18.233547 766.639646
17.670152 765.079270
17.827458 763.465888
17.738667 761.811994
17.727417 760.129684
17.714573 758.429645
17.617945 756.723282
17.438524 755.020900
17.499411 753.334164
17.156811 751.678350
17.298384 750.065680
17.201218 748.501995
17.428518 746.995126
17.175684 745.551290
17.004908 744.171883
16.675304 742.857698
16.268307 741.607526
16.188535 740.412996
16.115002 739.259049
16.531390 738.142726
16.149700 737.076325
16.177051 736.070357
16.129230 735.131491
16.490773 734.268939
16.456940 733.488716
16.190220 732.796830
16.412396 732.199284
16.398540 731.699038
16.147622 731.298152
16.304498 730.993750
16.305284 730.784962
15.908187 730.672362
16.160748 730.652658
16.256980 730.720030
16.279359 730.871055
16.227210 731.104967
16.502119 731.417405
16.618675 731.805331
16.656240 732.268194
16.939496 732.804521
16.985068 733.412092
16.954447 734.084111
16.846823 734.812970
16.821275 735.597664
16.799217 736.441715
16.700753 737.345464
16.847230 738.309144
17.158636 739.338051
16.989067 740.438155
17.144256 741.616086
17.140716 742.878109
17.139482 744.229368
17.300906 745.673530
17.546824 747.212399
17.636383 748.853124
17.328024 750.598949
17.505590 752.448277
17.685405 754.397774
17.787071 756.440085
17.811016 758.567633
17.918656 760.772090
17.865932 763.043536
17.572001 765.368610
17.842353 767.738063
17.790671 770.146168
17.899941 772.588172
18.170388 775.050099
18.762193 777.516156
18.788240 779.975832
18.811298 782.413394
19.073618 784.813140
19.255116 787.162832
19.193090 789.455024
19.128330 791.676335
19.623389 793.811626
19.631717 795.857769
19.959629 797.817228
19.801638 799.691248
19.882570 801.473903
19.797439 803.154449
19.385529 804.723657
19.450849 806.175634
19.753294 807.511465
19.811984 808.736383
19.623416 809.853268
19.995820 810.865949
20.285045 811.782942
20.409498 812.607292
20.286341 813.332505
20.400652 813.947717
20.509572 814.442616
20.128127 814.809328
20.545824 815.038590
20.473109 815.122348
20.715830 815.055336
21.030389 814.829928
21.257796 814.442121
20.751662 813.888345
20.960981 813.161253
20.916578 812.255409
20.537473 811.162081
20.629281 809.871436
20.390398 808.380526
20.221024 806.686316
20.122639 804.785790
20.094943 802.683322
19.896175 800.391845
19.609472 797.932779
19.396698 795.332005
19.338255 792.617275
19.435025 789.816849
19.123677 786.961467
19.050187 784.082251
18.653184 781.209416
18.499094 778.374676
18.428600 775.609464
18.281317 772.943238
17.818488 770.402806
17.927652 768.009157
17.885024 765.782075
17.289941 763.738725
17.593978 761.900800
17.346462 760.294097
17.191202 758.930681
16.968743 757.815396
16.437952 756.946303
16.323153 756.316386
16.220309 755.915820
16.372659 755.729640
16.215813 755.739899
16.151081 755.921575
16.337852 756.246339
15.969846 756.692937
15.608949 757.238713
15.899645 757.855478
16.273162 758.521524
16.246336 759.220987
16.300337 759.936702
16.110678 760.648281
15.920093 761.334937
15.889499 761.979141
15.935371 762.565896
15.976237 763.081000
15.368610 763.509822
15.482908 763.837243
15.752649 764.059744
15.375038 764.184148
15.638516 764.213331
15.574747 764.153397
15.666446 764.019062
15.915947 763.826223
15.841908 763.591778
16.088745 763.336270
15.931324 763.083863
16.095834 762.858306
16.584061 762.684424
16.271109 762.588794
16.205525 762.591038
16.388283 762.706868
16.094188 762.952720
16.695621 763.341670
16.985005 763.890070
16.881190 764.615037
17.191217 765.524357
17.592886 766.626345
17.361037 767.927147
17.703809 769.423450
17.735499 771.107724
17.856824 772.970495
17.907089 775.002443
18.047709 777.194892
18.278413 779.537954
18.273912 782.017317
18.354187 784.614833
18.598251 787.308463
19.005577 790.072131
19.332667 792.877950
19.579845 795.703400
19.343444 798.522421
19.588069 801.304549
19.423302 804.020376
19.412033 806.636692
19.636570 809.120304
19.773674 811.439699
19.901093 813.565297
19.855238 815.471438
19.472782 817.133600
19.157602 818.520617
18.989904 819.607657
19.208671 820.383219
19.010025 820.834307
19.117070 820.955102
18.882953 820.745664
19.436796 820.208038
19.409967 819.353282
19.606708 818.193935
19.142750 816.741788
19.548423 815.010804
19.536148 813.019507
19.427529 810.787316
19.224629 808.333043
19.088455 805.674131
18.697218 802.825839
18.535687 799.801628
18.043246 796.613253
17.462282 793.275326
17.197263 789.803941
16.845609 786.217043
17.054855 782.539621
16.777016 778.801537
16.899513 775.033582
16.617580 771.264018
16.821575 767.517735
16.382032 763.817891
16.024893 760.182703
15.509790 756.628065
15.241902 753.167536
15.060693 749.817206
14.564131 746.599187
14.237538 743.533074
13.999306 740.636177
13.850034 737.925516
13.873260 735.419894
13.990197 733.145341
14.201082 731.130760
14.586182 729.396479
14.903705 727.954643
14.752482 726.810381
14.695011 725.963132
14.811476 725.410106
15.104416 725.148719
15.413873 725.175791
15.336996 725.480832
15.353938 726.047716
14.981206 726.856684
14.702935 727.879869
14.677637 729.086880
14.663050 730.454041
14.737875 731.960920
14.901771 733.585779
14.833138 735.305433
14.770430 737.095080
15.438716 738.929814
15.469319 740.787340
15.825010 742.647841
15.941400 744.492679
15.897858 746.301127
15.932914 748.051468
15.965864 749.725598
16.157884 751.311363
16.588820 752.803133
16.776587 754.197874
16.799655 755.489456
17.221131 756.668160
17.639353 757.737851
17.808447 758.706082
18.052578 759.569194
17.806165 760.320306
18.036057 760.949655
18.018990 761.445434
17.915483 761.800977
17.805194 762.016214
17.848513 762.092469
17.883148 762.029363
17.827017 761.825444
17.760948 761.480179
17.607084 760.991687
17.283763 760.358077
17.597122 759.581082
17.498660 758.671398
17.553755 757.638801
17.197734 756.489502
17.073821 755.234081
16.779076 753.883582
16.315821 752.446563
16.326610 750.933830
16.410609 749.364689
16.166409 747.762837
16.078899 746.148528
15.826194 744.533047
15.732855 742.919699
15.558437 741.315031
15.384933 739.736642
15.374608 738.207559
15.125752 736.751278
15.282609 735.387969
15.362972 734.138435
15.450001 733.027543
15.382732 732.081495
15.323283 731.326742
15.111466 730.779702
14.990808 730.449118
14.881063 730.349926
14.784692 730.499864
14.942269 730.912220
15.112249 731.597279
15.134730 732.561743
15.089999 733.807002
15.463395 735.333101
15.527603 737.138036
15.686147 739.212644
16.258181 741.542830
16.439410 744.111039
16.390458 746.897930
16.270378 749.883902
16.801851 753.043359
16.935964 756.347822
17.075865 759.767536
17.139472 763.270434
17.124813 766.824488
17.190877 770.394670
16.773459 773.943116
16.599919 777.424909
16.828265 780.803156
16.972643 784.057913
17.432166 787.168928
17.239549 790.110126
17.120727 792.849554
17.394359 795.364635
17.413671 797.643724
17.824659 799.670189
18.061690 801.431498
18.365137 802.921225
18.093603 804.137485
17.647494 805.081012
17.751621 805.749093
17.761734 806.143635
17.837652 806.269898
17.902322 806.139339
17.473960 805.764837
17.598446 805.156030
17.550353 804.327005
17.493319 803.291759
17.590830 802.063438
17.682797 800.664466
17.849672 799.122441
17.527122 797.462591
17.683485 795.710914
17.516001 793.893479
17.346934 792.034813
17.338915 790.151480
17.007013 788.257182
17.159621 786.370267
16.670163 784.511898
16.587099 782.692229
16.911950 780.916059
16.997024 779.197607
16.923798 777.552130
16.533191 775.989297
16.306841 774.514568
16.083412 773.130783
15.542442 771.837744
15.570121 770.633987
15.684346 769.522687
15.803403 768.510508
15.442644 767.598731
15.244975 766.785885
15.130428 766.069694
15.019036 765.447549
14.990968 764.917039
15.449830 764.472556
15.994812 764.113707
16.061254 763.843528
15.969597 763.663841
15.959825 763.573013
15.951335 763.565366
16.508050 763.636114
16.503140 763.779172
16.740623 763.987113
16.818666 764.257050
16.816723 764.585912
17.056519 764.965247
16.973732 765.389316
16.649347 765.851082
16.648828 766.339422
16.486527 766.844330
16.485897 767.364885
16.487098 767.900089
16.570169 768.445763
16.734543 769.001271
16.819811 769.568203
16.824034 770.152373
16.585538 770.757878
16.748691 771.385797
16.670828 772.034207
16.753051 772.696227
17.319197 773.368548
17.081765 774.051748
16.685851 774.735735
16.774911 775.404234
17.187213 776.055936
17.281249 776.703398
17.296981 777.352623
17.313659 778.002333
17.410365 778.655156
17.264900 779.309813
17.121233 779.953221
17.138291 780.574171
17.317014 781.169066
16.933695 781.731816
17.111601 782.256001
17.449019 782.737654
17.786843 783.178945
17.801734 783.586677
17.574290 783.959434
17.749155 784.289400
17.920818 784.572646
18.248747 784.809666
18.249774 785.001678
18.246354 785.152151
18.239425 785.267193
18.228842 785.346962
18.053345 785.386828
17.793571 785.383436
17.773302 785.333211
17.507431 785.233517
17.559563 785.084539
17.528079 784.887087
17.492597 784.641516
17.937893 784.353497
17.898142 784.036384
17.778978 783.704525
17.980288 783.369780
18.021374 783.041535
18.225835 782.732290
18.352793 782.457454
18.564875 782.231304
18.216159 782.063173
18.275474 781.956870
18.178519 781.913228
18.408365 781.933536
18.481726 782.023469
18.559804 782.183704
18.484082 782.403965
18.898224 782.674788
18.915701 782.997230
18.936675 783.369605
18.882184 783.779436
19.075546 784.215036
18.870125 784.662576
18.343496 785.098492
18.622279 785.500888
18.497752 785.851935
18.614950 786.133301
18.730112 786.327480
18.841740 786.423715
18.626040 786.418869
18.727197 786.304313
18.822115 786.065927
18.587392 785.690403
18.585922 785.166467
18.739256 784.489400
18.321030 783.657891
18.295315 782.669759
18.339610 781.524197
18.537880 780.221015
18.406477 778.764287
18.431047 777.167224
18.770091 775.450647
18.458754 773.634097
