-2.322502 83.700261 1498.725499
-2.323290 83.473938 1494.673004
-2.324862 83.093443 1487.859905
-2.967896 82.559603 1478.301044
-6.318535 81.869215 1465.939047
-9.296764 81.015494 1450.652438
-12.147178 79.994598 1432.372416
-14.468851 78.807212 1411.111240
-15.944106 77.457008 1386.934673
-17.708758 75.950352 1359.956695
-19.199116 74.295365 1330.322725
-20.177720 72.501301 1298.198443
-21.213878 70.578802 1263.774443
-22.229067 68.539631 1227.261324
-22.663241 66.396458 1188.885969
-23.245217 64.162914 1148.892425
-23.415443 61.853532 1107.540951
-23.177487 59.483641 1065.106000
-23.741407 57.069179 1021.872962
-23.659985 54.626552 978.135618
-23.822308 52.172573 934.195012
-23.746907 49.724304 890.356632
-23.999088 47.298844 846.926677
-24.178140 44.913175 804.209216
-24.044323 42.583998 762.503284
-24.001442 40.327509 722.098900
-24.131386 38.159181 683.273116
-24.032080 36.093562 646.286423
-23.946287 34.144068 611.379049
-24.115887 32.322793 578.767544
-23.897620 30.640350 548.641943
-23.775303 29.105735 521.163347
-23.749178 27.726208 496.461711
-23.980034 26.507180 474.633969
-23.984894 25.452140 455.742567
-23.925326 24.562654 439.815544
-23.962217 23.838400 426.847157
-24.255477 23.277219 416.798724
-24.402250 22.875238 409.600910
-24.241803 22.627054 405.156955
-24.417585 22.525869 403.345154
-24.687312 22.563567 404.020165
-25.131198 22.730746 407.013657
-25.264112 23.016970 412.138734
-25.407774 23.411141 419.196717
-25.561080 23.901509 427.977168
-25.804378 24.476064 438.265086
-26.055544 25.122996 449.848955
-26.234166 25.830548 462.518287
-26.339976 26.587134 476.065610
-26.372038 27.381464 490.288778
-26.491503 28.202629 504.992440
-26.214248 29.040345 519.992471
-26.102798 29.885078 535.118150
-25.754784 30.727997 550.211339
-25.811959 31.560891 565.125029
-26.033741 32.376141 579.722776
-26.498963 33.166757 593.879438
-26.481941 33.926634 607.485692
-26.626524 34.650414 620.445609
-26.609407 35.333277 632.672865
-26.752578 35.971411 644.099203
-26.494667 36.561936 654.673059
-26.637814 37.102768 664.357126
-26.135712 37.592496 673.126133
-26.196862 38.030413 680.967411
-26.096704 38.416486 687.880380
-26.236864 38.750881 693.868021
-26.297198 39.034279 698.942505
-26.116002 39.268063 703.128612
-26.176484 39.453972 706.457463
-25.915635 39.594024 708.965225
-25.815822 39.690689 710.696093
-25.795771 39.746632 711.697793
-25.532315 39.764821 712.023478
-25.349052 39.748730 711.735355
-25.487195 39.701866 710.896230
-25.704517 39.627628 709.566931
-25.677598 39.529623 707.812054
-25.891494 39.411633 705.699353
-26.104107 39.277315 703.294276
-26.074783 39.130202 700.660083
-26.285167 38.973727 697.858263
-25.931235 38.811464 694.952812
-25.981512 38.646921 692.006522
-26.274526 38.483173 689.074466
-26.485515 38.322960 686.205720
-26.695199 38.168742 683.444308
-26.904665 38.022849 680.831979
-27.111665 37.887431 678.407191
-27.154259 37.764360 676.203500
-27.034699 37.655283 674.250385
-26.752191 37.562002 672.580106
-26.874521 37.486143 671.221780
-26.838039 37.428565 670.190801
-26.884689 37.389797 669.496626
-26.851595 37.370149 669.144818
-26.335281 37.369513 669.133422
-26.302054 37.387705 669.459164
-26.513127 37.424371 670.115707
-26.163510 37.478851 671.091217
-26.058947 37.550324 672.370999
-26.520854 37.637536 673.932615
-26.096214 37.738735 675.744661
-25.914632 37.852465 677.781091
-26.218771 37.977554 680.020916
-26.283187 38.112303 682.433725
-26.428862 38.254612 684.981890
-26.253978 38.402330 687.626913
-26.401400 38.553269 690.329602
-26.306132 38.705231 693.050603
-25.888042 38.856506 695.759320
-26.033803 39.005645 698.429790
-26.018663 39.151147 701.035118
-26.086079 39.291458 703.547510
-26.634949 39.424560 705.930815
-27.020975 39.548291 708.146336
-26.921949 39.660615 710.157593
-26.819013 39.759951 711.936287
-26.791838 39.845265 713.463897
-26.440865 39.916023 714.730886
-26.733564 39.971953 715.732370
-26.700596 40.012551 716.459309
-26.828796 40.037699 716.909602
-26.877317 40.047539 717.085788
-27.165354 40.041848 716.983899
-27.128091 40.020142 716.595225
-27.167105 39.982371 715.918898
-26.797788 39.929343 714.969400
-26.747600 39.862153 713.766296
-26.616889 39.781915 712.329568
-26.404930 39.689916 710.682252
-26.275940 39.587531 708.848962
-26.067146 39.476278 706.856865
-26.180871 39.357628 704.732347
-26.454086 39.232548 702.492674
-26.326962 39.102020 700.155457
-26.360562 38.967560 697.747832
-26.396791 38.830634 695.296054
-25.951290 38.692652 692.825367
-25.992506 38.555271 690.365450
-25.957078 38.419836 687.940368
-26.167635 38.287169 685.564857
-26.461132 38.157802 683.248414
-26.355542 38.032444 681.003771
-26.335973 37.912229 678.851219
-26.724324 37.798273 676.810750
-27.034837 37.691513 674.899120
-26.704565 37.593056 673.136149
-26.620511 37.504207 671.545230
-26.701048 37.426030 670.145415
-26.461655 37.359382 668.952027
-26.548588 37.305105 667.980151
-26.721275 37.263972 667.243626
-27.140384 37.236572 666.753010
-27.240462 37.223250 666.514456
-27.343733 37.224275 666.532820
-27.689067 37.239819 666.811150
-27.632621 37.270087 667.353109
-27.417774 37.315428 668.164990
-27.204625 37.376092 669.251229
-27.877667 37.452104 670.612295
-27.828450 37.543127 672.242141
-28.103818 37.648584 674.130429
-27.816659 37.767747 676.264143
-27.530468 37.899962 678.631566
-27.970596 38.044632 681.222015
-27.846266 38.200950 684.021021
-27.882790 38.367849 687.009498
-27.515578 38.544158 690.166464
-27.551361 38.728871 693.473901
-27.347457 38.921038 696.914825
-27.544832 39.119586 700.470003
-27.900290 39.322997 704.112247
-27.850958 39.529240 707.805204
-27.962346 39.736525 711.516826
-28.155982 39.943414 715.221347
-28.027556 40.148682 718.896844
-28.222055 40.351146 722.522135
-28.176320 40.549559 726.074890
-27.970216 40.742698 729.533209
-27.604230 40.929426 732.876750
-26.994290 41.109032 736.092745
-26.706330 41.280876 739.169768
-26.581811 41.444223 742.094628
-26.781344 41.598358 744.854554
-26.900930 41.742478 747.435141
-27.182545 41.875831 749.822942
-27.141852 41.997886 752.008447
-27.101106 42.108140 753.982628
-27.141366 42.206230 755.739026
-27.101439 42.292202 757.278430
-27.063253 42.366031 758.600399
-27.105288 42.427727 759.705109
-27.148907 42.477521 760.596728
-27.111091 42.515760 761.281433
-27.234833 42.542858 761.766636
-26.633292 42.559197 762.059208
-26.435562 42.565342 762.169236
-26.803383 42.561820 762.106163
-26.768169 42.548597 761.869391
-27.055692 42.525694 761.459301
-27.182467 42.493524 760.883271
-27.470509 42.452457 760.147938
-27.353575 42.402897 759.260513
-27.396089 42.345420 758.231340
-27.439224 42.280744 757.073260
-27.077658 42.209461 755.796869
-26.874286 42.132259 754.414499
-27.233856 42.049604 752.934507
-27.428332 41.961636 751.359349
-27.298128 41.868577 749.693051
-27.326057 41.770959 747.945116
-27.593288 41.669176 746.122614
-27.615376 41.563491 744.230227
-27.794839 41.454203 742.273337
-28.210511 41.341344 740.252497
-27.978545 41.224874 738.167003
-27.986265 41.104849 736.017837
-28.229467 40.981590 733.810781
-28.226489 40.855548 731.553899
-28.220392 40.727341 729.258244
-28.291722 40.597574 726.934638
-28.200380 40.466645 724.590254
-27.944555 40.335005 722.233113
-27.928447 40.203318 719.875156
-27.586516 40.072055 717.524779
-27.241349 39.941686 715.190413
-27.377340 39.812929 712.884902
-26.867992 39.686583 710.622570
-27.001471 39.563503 708.418716
-27.053535 39.444435 706.286689
-27.185813 39.330048 704.238489
-26.833832 39.221070 702.287145
-26.722380 39.118609 700.452499
-27.013409 39.023539 698.750185
-26.899421 38.936084 697.184240
-27.024099 38.856586 695.760746
-26.745406 38.785657 694.490711
-26.547372 38.724103 693.388521
-26.592927 38.672771 692.469393
-26.397612 38.632195 691.742833
-26.363852 38.602731 691.215261
-26.089761 38.584806 690.894300
-25.736700 38.578824 690.787178
-25.706238 38.585022 690.898161
-25.352461 38.603159 691.222929
-25.078126 38.633071 691.758517
-25.045291 38.674829 692.506228
-25.091139 38.728240 693.462607
-25.299925 38.792857 694.619628
-24.945172 38.867939 695.964040
-25.076461 38.952876 697.484913
-25.048881 39.047158 699.173117
-25.264218 39.150198 701.018120
-25.400286 39.261405 703.009387
-25.378596 39.380198 705.136469
-25.280309 39.505880 707.386918
-25.587737 39.637450 709.742795
-25.896455 39.773860 712.185345
-25.884788 39.914058 714.695693
-25.954771 40.056922 717.253804
-26.345856 40.201008 719.833789
-26.494092 40.344672 722.406214
-26.480366 40.486674 724.948889
-26.224232 40.626292 727.448871
-26.370492 40.762890 729.894766
-26.676169 40.895290 732.265515
-26.658552 41.022309 734.539893
-26.477466 41.143174 736.704078
-26.294714 41.257618 738.753311
-25.951275 41.365580 740.686452
-25.367455 41.467004 742.502543
-25.510399 41.561750 744.199054
-25.574566 41.649228 745.765429
-25.480432 41.729098 747.195561
-25.228403 41.801240 748.487325
-25.300814 41.865505 749.638049
-25.456931 41.921685 750.644007
-25.534847 41.969372 751.497870
-25.532679 42.008480 752.198131
-25.692904 42.039204 752.748285
-25.775039 42.061731 753.151650
-25.698666 42.076224 753.411147
-25.947107 42.082690 753.526937
-25.954670 42.080911 753.495076
-26.123722 42.070617 753.310756
-26.374467 42.051737 752.972691
-26.624826 42.024275 752.480965
-26.713725 41.988289 751.836600
-26.561473 41.943812 751.040194
-26.409623 41.890950 750.093660
-26.337995 41.829865 748.999879
-26.588922 41.760623 747.760036
-26.355426 41.683024 746.370560
-26.443219 41.596836 744.827305
-26.128881 41.501969 743.128616
-26.217952 41.398403 741.274181
-26.547713 41.286013 739.261747
-26.231919 41.164457 737.085173
-26.156615 41.033920 734.747791
-25.921788 40.894935 732.259151
-25.929331 40.747828 729.625072
-26.174038 40.592929 726.851475
-25.770020 40.430933 723.950799
-25.608350 40.262751 720.939359
-25.930260 40.089198 717.831729
-25.526059 39.911111 714.642928
-25.522666 39.729736 711.395266
-25.520808 39.546387 708.112240
-25.276897 39.362199 704.814195
-24.950673 39.178817 701.530576
-25.107687 38.998240 698.297196
-25.344623 38.822117 695.143554
-25.176878 38.651495 692.088412
-25.089957 38.487620 689.154095
-24.840395 38.332520 686.376892
-24.831562 38.188079 683.790565
-24.823350 38.055684 681.419906
-25.137858 37.936324 679.282658
-25.051018 37.830887 677.394723
-25.208517 37.740466 675.775651
-25.288076 37.665844 674.439479
-25.368848 37.607379 673.392624
-25.610690 37.565222 672.637765
-25.853738 37.539251 672.172725
-26.177348 37.529060 671.990256
-25.694738 37.534317 672.084376
-26.017656 37.554836 672.451792
-26.021298 37.590036 673.082089
-26.347018 37.639067 673.960013
-26.594526 37.700948 675.068054
-26.602673 37.774587 676.386619
-26.611956 37.858768 677.893953
-26.219508 37.952359 679.569777
-26.393971 38.054338 681.395816
-26.491639 38.163449 683.349534
-26.671433 38.278099 685.402435
-26.930029 38.396537 687.523177
-26.784991 38.517261 689.684848
-26.959721 38.638834 691.861723
-26.894316 38.759848 694.028567
-26.507660 38.878979 696.161714
-26.762902 38.995025 698.239619
-27.097380 39.106512 700.235885
-27.109181 39.211956 702.123953
-26.717779 39.310228 703.883612
-26.403189 39.400458 705.499252
-26.487897 39.482270 706.964157
-26.652163 39.555058 708.267500
-26.573569 39.617734 709.389766
-26.170118 39.669559 710.317745
-25.845213 39.710521 711.051204
-25.922970 39.740601 711.589799
-25.996337 39.759167 711.922250
-25.746328 39.765787 712.040779
-25.414418 39.760778 711.951091
-25.402779 39.744846 711.665821
-25.632678 39.718558 711.195114
-25.703530 39.682389 710.547460
-25.936004 39.636874 709.732491
-25.767163 39.582598 708.760620
-25.679105 39.520255 707.644319
-25.429318 39.450635 706.397718
-25.340462 39.374869 705.041063
-25.170443 39.294621 703.604142
-25.565573 39.211254 702.111388
-25.317268 39.125751 700.580386
-25.150722 39.039279 699.032033
-24.825310 38.953037 697.487786
-24.986293 38.868242 695.969467
-24.584991 38.785834 694.493870
-24.588666 38.706973 693.081804
-24.435556 38.632952 691.756388
-24.366901 38.564688 690.534071
-24.383015 38.503054 689.430459
-24.645075 38.448816 688.459283
-24.669782 38.402599 687.631726
-24.859095 38.364680 686.952747
-24.485148 38.335268 686.426110
-24.273984 38.314916 686.061687
-24.225296 38.304193 685.869670
-24.420597 38.303283 685.853388
-24.619292 38.312066 686.010645
-24.577499 38.330473 686.340243
-24.698263 38.358301 686.838524
-24.337460 38.395279 687.500650
-24.460849 38.441203 688.322964
-25.067808 38.495699 689.298763
-25.354145 38.557988 690.414106
-25.238456 38.627087 691.651374
-25.041644 38.702386 692.999664
-25.166253 38.783662 694.454991
-25.128686 38.870296 696.006235
-25.252644 38.961429 697.638052
-25.538624 39.056292 699.336661
-25.743594 39.153751 701.081757
-26.109720 39.252561 702.851019
-25.830720 39.351851 704.628898
-25.711847 39.451162 706.407141
-25.351052 39.550196 708.180435
-25.472599 39.648439 709.939562
-25.431295 39.744898 711.666753
-25.307609 39.838903 713.349985
-25.424493 39.930033 714.981755
-25.136779 40.017696 716.551430
-25.330098 40.101450 718.051121
-25.201446 40.180782 719.471635
-25.234588 40.255132 720.802933
-25.187659 40.324264 722.040804
-25.462645 40.387819 723.178809
-25.496190 40.445077 724.204059
-25.852818 40.495433 725.105719
-25.886831 40.538401 725.875103
-26.080451 40.573637 726.506029
-25.870673 40.601139 726.998487
-25.821584 40.621206 727.357792
-25.610669 40.634197 727.590405
-25.481237 40.640465 727.702653
-25.271286 40.640458 727.702519
-24.980711 40.634751 727.600336
-24.931396 40.623993 727.407696
-24.801327 40.608725 727.134309
-24.429394 40.589542 726.790821
-24.458915 40.567568 726.397370
-25.052824 40.543901 725.973589
-25.163136 40.518982 725.527395
-25.272542 40.493271 725.067013
-24.978013 40.467522 724.605946
-25.084932 40.442509 724.158079
-25.109081 40.418741 723.732486
-24.970003 40.396788 723.339399
-24.669131 40.377590 722.995642
-24.769965 40.362045 722.717295
-24.871082 40.350818 722.516258
-24.407309 40.344546 722.403957
-24.667780 40.343739 722.389520
-24.443706 40.348517 722.475057
-24.461086 40.358976 722.662348
-24.638102 40.374986 722.949008
-24.734119 40.395996 723.325224
-24.747509 40.421220 723.776877
-24.679152 40.450179 724.295406
-24.529973 40.482803 724.879580
-24.137835 40.519111 725.529701
-23.906006 40.559154 726.246707
-23.673647 40.602748 727.027289
-23.764802 40.649509 727.864596
-23.776019 40.698599 728.743592
-23.707265 40.749001 729.646070
-23.558236 40.800215 730.563104
-23.893160 40.851862 731.487895
-23.907266 40.903457 732.411740
-23.842192 40.954663 733.328634
-23.939911 41.005187 734.233302
-24.039524 41.054524 735.116730
-24.381317 41.102181 735.970063
-24.400607 41.147766 736.786312
-24.180276 41.191026 737.560926
-24.284104 41.231918 738.293121
-24.067268 41.270272 738.979884
-24.253222 41.305585 739.612203
-24.438234 41.337363 740.181200
-24.380600 41.365600 740.686811
-23.839165 41.390650 741.135361
-24.183865 41.412495 741.526513
-23.883078 41.430890 741.855894
-24.064551 41.445826 742.123335
-24.004099 41.457248 742.327853
-23.943658 41.465324 742.472460
-24.203095 41.470234 742.560386
-24.377885 41.472095 742.593705
-24.148205 41.471291 742.579299
-24.399743 41.468143 742.522942
-24.486023 41.462957 742.430074
-24.410186 41.456076 742.306873
-24.572808 41.447617 742.155395
-24.169851 41.437940 741.982119
-24.248596 41.427770 741.800015
-24.006161 41.417654 741.618886
-23.845080 41.407873 741.443758
-24.007209 41.398420 741.274495
-24.168834 41.389117 741.107912
-24.089399 41.379886 740.942627
-24.251317 41.370757 740.779162
-24.010220 41.361628 740.615697
-23.607976 41.352623 740.454448
-23.528503 41.344256 740.304633
-23.529557 41.336911 740.173106
-23.206294 41.330776 740.063262
-23.688454 41.325861 739.975249
-23.365780 41.322195 739.909610
-23.285638 41.319979 739.869931
-23.607163 41.319394 739.859459
-23.687599 41.320259 739.874942
-24.169888 41.322017 739.906418
-23.922927 41.324310 739.947487
-23.835009 41.327528 740.005112
-23.666709 41.332259 740.089820
-23.660799 41.338689 740.204958
-23.333471 41.346746 740.349216
-23.971911 41.355897 740.513084
-23.965730 41.365334 740.682045
-24.202357 41.374315 740.842859
-24.197877 41.382241 740.984790
-24.274674 41.388627 741.099134
-24.428775 41.392430 741.167229
-24.660303 41.392283 741.164595
-24.405605 41.387191 741.073427
-24.712281 41.376482 740.881666
-24.453231 41.359727 740.581648
-24.272800 41.337142 740.177246
-24.334421 41.309036 739.673982
-24.315597 41.275178 739.067738
-24.216365 41.235292 738.353532
-24.037449 41.189190 737.528034
-24.101223 41.136783 736.589644
-24.408295 41.077875 735.534845
-24.635285 41.012123 734.357498
-24.620950 40.939301 733.053556
-24.445978 40.859776 731.629608
-24.674947 40.774198 730.097251
-24.744624 40.682819 728.461033
-25.057576 40.585652 726.721179
-25.127784 40.482747 724.878569
-24.954059 40.374453 722.939476
-24.782841 40.261417 720.915474
-24.613444 40.144212 718.816817
-24.767876 40.023460 716.654633
-24.602246 39.899818 714.440721
-24.519017 39.774041 712.188574
-24.919907 39.647059 709.914857
-24.918755 39.519617 707.632900
-24.997995 39.392506 705.356861
-24.836588 39.266707 703.104325
-24.915929 39.143184 700.892545
-24.830307 39.023392 698.747566
-24.662977 38.909259 696.703912
-24.656949 38.802632 694.794661
-24.570075 38.704850 693.043794
-24.483115 38.617187 691.474108
-24.314412 38.541454 690.118046
-24.628387 38.479151 689.002448
-24.620112 38.431293 688.145507
-24.614113 38.398854 687.564662
-24.769000 38.382698 687.275383
-24.523053 38.383628 687.292035
-24.680182 38.402443 687.628924
-24.354858 38.439505 688.292551
-24.029557 38.494805 689.282754
-23.703983 38.568318 690.599066
-23.619512 38.659972 692.240201
-24.180518 38.769157 694.195264
-24.098331 38.894679 696.442833
-23.935971 39.035256 698.959990
-24.016207 39.189400 701.720082
-24.339365 39.355268 704.690081
-24.099610 39.530902 707.834965
-24.262697 39.714482 711.122129
-24.182550 39.904003 714.515656
-24.182844 40.097086 717.972970
-24.345199 40.291361 721.451647
-24.184669 40.484578 724.911348
-24.344425 40.674734 728.316264
-24.261067 40.859808 731.630176
-24.499495 41.037785 734.816998
-24.255450 41.207003 737.846997
-24.093451 41.365947 740.693033
-23.610437 41.513147 743.328774
-23.448367 41.647146 745.728148
-23.527468 41.766701 747.868876
-23.848875 41.870833 749.733447
-23.930140 41.958724 751.307207
-23.691070 42.029484 752.574235
-23.855027 42.082272 753.519454
-23.618075 42.116728 754.136421
-23.704323 42.132834 754.424810
-23.629549 42.130803 754.388439
-23.555073 42.111267 754.038630
-22.997794 42.075127 753.391505
-23.004981 42.023401 752.465311
-22.852342 41.957393 751.283378
-22.781463 41.878575 749.872083
-22.871922 41.788488 748.258984
-22.883480 41.688609 746.470563
-22.896430 41.580254 744.530385
-22.668056 41.464761 742.462373
-22.520468 41.343578 740.292500
-22.534408 41.218565 738.054036
-22.550632 41.091776 735.783766
-22.083922 40.965033 733.514317
-21.859092 40.840254 731.280051
-21.959081 40.719347 729.115104
-21.980455 40.603847 727.046970
-21.840032 40.495511 725.107116
-21.617958 40.396295 723.330575
-21.877879 40.307575 721.741959
-21.814885 40.230217 720.356801
-21.592234 40.165044 719.189826
-21.529085 40.112475 718.248531
-21.385928 40.072794 717.538004
-21.563533 40.046201 717.061836
-21.579182 40.032573 716.817824
-21.834992 40.032037 716.808226
-22.009255 40.044692 717.034811
-21.943301 40.070296 717.493285
-22.200829 40.108325 718.174223
-22.217309 40.157878 719.061505
-22.233587 40.217973 720.137562
-22.730879 40.287694 721.385981
-22.421825 40.366120 722.790255
-22.113293 40.452418 724.335498
-22.771279 40.545548 726.003081
-22.704036 40.644021 727.766312
-22.797833 40.746192 729.595787
-22.409628 40.850568 731.464725
-22.343681 40.955786 733.348736
-22.117052 41.060605 735.225613
-22.132532 41.163793 737.073295
-21.987422 41.264077 738.868965
-22.245645 41.360366 740.593089
-22.504151 41.451373 742.222649
-22.763339 41.535371 743.726710
-22.860722 41.610914 745.079384
-22.957816 41.677032 746.263269
-22.733503 41.732992 747.265288
-22.671885 41.778311 748.076767
-22.691005 41.812412 748.687376
-22.629691 41.834532 749.083441
-22.891160 41.843923 749.251599
-23.392330 41.839955 749.180548
-23.408879 41.822402 748.866244
-23.747163 41.791174 748.307092
-23.678103 41.745720 747.493196
-24.008296 41.685907 746.422188
-24.010364 41.612492 745.107623
-24.252455 41.526210 743.562681
-24.652684 41.427625 741.797435
-24.487278 41.317757 739.830149
-24.402799 41.198232 737.689956
-24.478382 41.070911 735.410158
-24.792758 40.937359 733.018790
-24.458548 40.799189 730.544737
-24.204456 40.658514 728.025830
-24.271495 40.517233 725.496064
-23.851859 40.376747 722.980543
-23.835206 40.238523 720.505527
-23.413961 40.104482 718.105403
-23.474825 39.976417 715.812298
-23.453441 39.856115 713.658190
-23.510517 39.745239 711.672851
-23.647164 39.644944 709.876979
-23.462480 39.556221 708.288319
-23.277073 39.479996 706.923441
-23.576944 39.417082 705.796916
-23.716653 39.367859 704.915540
-23.535268 39.332480 704.282050
-23.837903 39.311019 703.897771
-24.141643 39.303146 703.756802
-24.286942 39.308222 703.847692
-23.950959 39.325497 704.157011
-24.340325 39.354130 704.669703
-24.246308 39.392945 705.364725
-23.993019 39.440661 706.219112
-23.820587 39.496149 707.212677
-23.649095 39.558148 708.322834
-23.717361 39.625427 709.527519
-23.786422 39.696909 710.807460
-24.339955 39.771239 712.138405
-24.249727 39.846663 713.488937
-24.157952 39.921615 714.831009
-24.547577 39.994771 716.140931
-24.209821 40.065074 717.399775
-24.435657 40.131905 718.596441
-24.900142 40.194413 719.715702
-25.201751 40.251196 720.732447
-25.501969 40.300715 721.619137
-25.880365 40.341725 722.353457
-26.015080 40.373234 722.917640
-25.988276 40.394549 723.299313
-26.042346 40.405240 723.490743
-26.256798 40.404855 723.483851
-26.228203 40.393173 723.274664
-26.516965 40.370402 722.866930
-26.400429 40.336726 722.263943
-26.040430 40.292445 721.471048
-25.840496 40.238084 720.497664
-25.961401 40.174014 719.350436
-25.758833 40.100735 718.038311
-25.636328 40.019144 716.577354
-25.671164 39.930132 714.983512
-25.704877 39.834447 713.270201
-25.738426 39.732912 711.452121
-25.851967 39.626292 709.543001
-25.802374 39.515558 707.560206
-25.429523 39.401865 705.524448
-25.458854 39.286362 703.456266
-25.244889 39.170329 701.378592
-25.432866 39.055042 699.314283
-25.377542 38.941721 697.285164
-25.321144 38.831554 695.312533
-25.025257 38.725572 693.414838
-24.971269 38.624868 691.611645
-24.757885 38.530501 689.921926
-24.949577 38.443188 688.358510
-24.902642 38.363485 686.931357
-24.858636 38.292022 685.651746
-24.818722 38.229384 684.530167
-24.542346 38.175997 683.574213
-24.992107 38.132138 682.788889
-24.960854 38.098022 682.178004
-24.772255 38.073820 681.744654
-24.666821 38.059515 681.488503
-24.886189 38.055071 681.408925
-24.867800 38.060423 681.504761
-24.854244 38.075264 681.770501
-24.763253 38.099061 682.196618
-25.478990 38.130962 682.767835
-25.148334 38.169902 683.465076
-25.461779 38.215040 684.273308
-25.049064 38.265828 685.182720
-24.960498 38.321886 686.186491
-25.115781 38.382867 687.278399
-25.191715 38.448354 688.450997
-25.265960 38.517330 689.686073
-25.257877 38.588635 690.962866
-25.329526 38.661675 692.270704
-25.159253 38.735923 693.600176
-25.550102 38.810582 694.937010
-25.537325 38.884879 696.267367
-25.282909 38.958353 697.582982
-24.786313 39.031065 698.884941
-25.177310 39.103155 700.175778
-25.165172 39.174337 701.450367
-25.314719 39.244323 702.703525
-25.463622 39.312853 703.930609
-25.210512 39.379590 705.125593
-25.361001 39.444266 706.283661
-25.269065 39.506804 707.403466
-25.017663 39.567278 708.486314
-25.088502 39.625925 709.536428
-25.000315 39.682760 710.554103
-24.834072 39.737655 711.537054
-24.670354 39.790632 712.485647
-24.345371 39.841843 713.402631
-24.746612 39.891196 714.286347
-24.503853 39.938428 715.132063
-24.825097 39.983293 715.935423
-24.906002 40.025418 716.689697
-24.746986 40.064528 717.389993
-24.750913 40.100346 718.031349
-24.592115 40.132714 718.610932
-24.434239 40.161716 719.130234
-24.680622 40.187357 719.589353
-24.927380 40.209444 719.984836
-24.851457 40.227757 720.312755
-24.774306 40.242394 720.574851
-24.696699 40.253587 720.775266
-24.215137 40.261994 720.925797
-24.296671 40.268256 721.037926
-24.618659 40.272103 721.106804
-24.860556 40.273233 721.127034
-24.860897 40.271565 721.097168
-24.780295 40.267124 721.017660
-24.618981 40.260028 720.890602
-24.374629 40.250438 720.718872
-24.370426 40.238752 720.509631
-24.363940 40.225527 720.272820
-24.679470 40.211061 720.013794
-24.432399 40.195315 719.731847
-24.830420 40.178261 719.426484
-24.746171 40.159836 719.096561
-24.743401 40.140142 718.743929
-24.660106 40.119306 718.370840
-24.819166 40.097201 717.975031
-25.219376 40.073452 717.549794
-25.297766 40.047581 717.086554
-25.698336 40.019185 716.578099
-25.455677 39.987898 716.017864
-25.454337 39.953429 715.400682
-25.933598 39.915347 714.718789
-26.171665 39.873141 713.963056
-26.327503 39.825827 713.115853
-26.158386 39.772399 712.159176
-25.986142 39.712636 711.089070
-26.215905 39.646487 709.904609
-26.119984 39.573975 708.606214
-25.780413 39.495632 707.203416
-25.923974 39.412122 705.708109
-25.582186 39.323728 704.125333
-25.803875 39.230732 702.460151
-26.105662 39.133450 700.718248
-26.085651 39.032251 698.906193
-26.306694 38.927626 697.032789
-26.287195 38.819987 695.105408
-26.187936 38.709811 693.132617
-26.249821 38.597659 691.124432
-26.312657 38.484216 689.093148
-26.213457 38.370138 687.050473
-26.355669 38.256160 685.009598
-25.690780 38.143244 682.987741
-25.992602 38.032471 681.004257
-25.732128 37.924993 679.079767
-25.876278 37.822057 677.236620
-25.861924 37.724954 675.497911
-25.930280 37.634584 673.879759
-25.919329 37.551603 672.393905
-25.667985 37.476701 671.052719
-25.900868 37.410655 669.870101
-25.730470 37.354090 668.857256
-25.881250 37.307588 668.024596
-25.952108 37.271783 667.383489
-25.944781 37.247071 666.940995
-25.777778 37.233700 666.701575
-25.852791 37.232038 666.671812
-26.091283 37.242332 666.856131
-26.168676 37.264337 667.250151
-25.844349 37.297877 667.850714
-26.005173 37.342815 668.655369
-26.007405 37.398571 669.653739
-25.766568 37.464617 670.836352
-25.606903 37.540465 672.194474
-25.528955 37.625342 673.714256
-25.211208 37.718070 675.374638
-25.215666 37.817348 677.152306
-25.140817 37.921892 679.024246
-25.469645 38.030024 680.960448
-25.073343 38.139925 682.928316
-25.157303 38.250270 684.904133
-25.319347 38.360055 686.869939
-25.562121 38.468136 688.805215
-25.642986 38.573522 690.692240
-25.643066 38.675362 692.515780
-25.721335 38.772777 694.260076
-25.397377 38.865039 695.912105
-25.798312 38.951506 697.460379
-26.118758 39.031273 698.888676
-26.116647 39.103390 700.179984
-26.115461 39.166878 701.316791
-26.114003 39.220734 702.281145
-26.111566 39.264398 703.062982
-26.429322 39.297514 703.655949
-26.422835 39.319674 704.052748
-26.576873 39.330590 704.248211
-26.247737 39.330456 704.245798
-26.484459 39.319548 704.050487
-26.561674 39.297931 703.663410
-26.639587 39.265801 703.088099
-26.558545 39.223422 702.329267
-26.880282 39.170934 701.389428
-26.879166 39.108565 700.272655
-27.119025 39.036651 698.984972
-26.792166 38.955668 697.534898
-26.787866 38.866307 695.934822
-26.542010 38.769324 694.198257
-26.377585 38.665727 692.343253
-26.293129 38.556514 690.387703
-26.367967 38.442391 688.344234
-26.522346 38.324298 686.229682
-26.674041 38.203542 684.067432
-26.341716 38.081563 681.883303
-26.250705 37.959967 679.706009
-26.080475 37.840285 677.563007
-26.071797 37.723798 675.477204
-26.224901 37.611632 673.468782
-26.376031 37.504664 671.553426
-26.204417 37.403894 669.749055
-26.273721 37.310450 668.075846
-26.182119 37.225023 666.546200
-26.413481 37.148197 665.170575
-26.001332 37.080709 663.962132
-26.315341 37.023133 662.931184
-26.228601 36.975608 662.080216
-26.304447 36.938027 661.407299
-26.219421 36.910279 660.910444
-25.893754 36.892331 660.589067
-25.889223 36.884104 660.441757
-25.885240 36.885441 660.465691
-25.962277 36.895944 660.653760
-25.879620 36.914948 660.994040
-25.878967 36.941952 661.477574
-25.878748 36.976304 662.092679
-25.878293 37.016907 662.819717
-25.799040 37.062847 663.642306
-25.961171 37.113514 664.549546
-25.721973 37.168279 665.530149
-25.322777 37.226600 666.574440
-25.085026 37.288037 667.674525
-25.089228 37.352052 668.820765
-25.175113 37.418035 670.002256
-25.260381 37.485413 671.208711
-25.346280 37.553634 672.430263
-25.430193 37.622298 673.659753
-25.269928 37.690643 674.883531
-25.107811 37.757785 676.085767
-25.186613 37.823445 677.261465
-25.266444 37.887523 678.408840
-25.344711 37.949722 679.522569
-25.262219 38.009642 680.595487
-25.018834 38.067110 681.624500
-24.857200 38.122235 682.611571
-25.099144 38.175083 683.557847
-25.099198 38.225686 684.463951
-25.182214 38.274113 685.331067
-25.267047 38.320288 686.157882
-25.272624 38.364108 686.942515
-24.875466 38.405532 687.684232
-24.880364 38.444761 688.386665
-24.968739 38.482160 689.056336
-25.137260 38.517800 689.694499
-25.306866 38.551604 690.299777
-25.315661 38.583884 690.877795
-25.809324 38.614887 691.432921
-26.063464 38.644335 691.960209
-25.674912 38.671961 692.454883
-25.771563 38.697857 692.918579
-25.790276 38.722306 693.356361
-25.891198 38.745491 693.771492
-25.591063 38.767431 694.164351
-25.695617 38.788070 694.533914
-25.641218 38.807032 694.873454
-25.907844 38.823508 695.168467
-25.930450 38.836705 695.404772
-25.951657 38.846321 695.576940
-25.972388 38.852284 695.683727
-25.991348 38.854447 695.722444
-25.607665 38.852837 695.693632
-25.465777 38.847606 695.599958
-25.323255 38.839035 695.446494
-25.422017 38.827371 695.237624
-25.520483 38.812439 694.970258
-25.376800 38.794120 694.642241
-25.555380 38.772593 694.256789
-25.491289 38.748044 693.817219
-25.425283 38.720832 693.329962
-25.197575 38.691550 692.805637
-25.453597 38.660631 692.252017
-25.467706 38.628163 691.670649
-25.643837 38.594277 691.063878
-25.739315 38.559397 690.439335
-25.190560 38.523891 689.803564
-25.286015 38.487977 689.160496
-25.058698 38.451825 688.513164
-25.232736 38.415705 687.866389
-25.406669 38.380058 687.228106
-25.098253 38.345191 686.603783
-25.111669 38.311532 686.001089
-24.964095 38.279698 685.431067
-24.656613 38.250020 684.899670
-24.833058 38.222599 684.408662
-24.690010 38.197473 683.958771
-24.467348 38.174853 683.553730
-24.727855 38.155051 683.199164
-24.747978 38.138273 682.898741
-24.930629 38.124618 682.654227
-24.871336 38.114015 682.464380
-25.216780 38.106384 682.327737
-25.723901 38.101640 682.242791
-25.828821 38.099460 682.203751
-26.414163 38.099136 682.197949
-26.193375 38.100054 682.214384
-26.371548 38.102197 682.252768
-26.389083 38.105621 682.314079
-26.485769 38.110200 682.396062
-26.419678 38.115687 682.494308
-26.189764 38.122050 682.608242
-26.360344 38.129862 682.748135
-26.046434 38.139466 682.920092
-25.893685 38.150719 683.121585
-26.224420 38.163400 683.348649
-26.311585 38.177042 683.592921
-26.395629 38.191104 683.844730
-26.398590 38.205283 684.098608
-26.079507 38.219412 684.351601
-26.083880 38.233399 684.602054
-26.007937 38.247314 684.851204
-26.011051 38.261437 685.104104
-25.933533 38.276136 685.367302
-25.857879 38.291642 685.644947
-26.025702 38.308175 685.940986
-26.115092 38.325934 686.258967
-25.884436 38.345145 686.602952
-25.815413 38.366308 686.981896
-25.587310 38.389981 687.405793
-25.683617 38.416594 687.882309
-26.023574 38.446332 688.414808
-26.041538 38.479408 689.007059
-26.221871 38.516142 689.664800
-26.163165 38.556614 690.389502
-26.507180 38.601002 691.184299
-26.931576 38.649424 692.051332
-27.114122 38.701542 692.984549
-27.376115 38.757164 693.980514
-27.155227 38.816388 695.040970
-27.014312 38.879410 696.169439
-27.033197 38.946227 697.365851
-26.405955 39.016623 698.626353
-26.422044 39.090645 699.951789
-26.275746 39.168666 701.348816
-26.211003 39.250774 702.819036
